MITMLR89 = {0.008876939627197591, 0.008876939627197591, 0.008876939627197591, 
     0.008876939627197591, 0.008876939627197591, 0.008876939627197591, 
     0.008876939627197591, 0.008876939627197591, 0.008876939627197591, 
     0.008876939627197591, 0.008876939627197591, 0.008876939627197591, 
     0.008876939627197591, 0.008876939627197591, 0.008876939627197591, 
     0.008876939627197591, 0.008876939627197591, 0.008876939627197591, 
     0.008876939627197591, 0.008876939627197591, 0.008876939627197591, 
     0.008876939627197591, 0.008876939627197591, 0.008876939627197591, 
     0.008876939627197591, 0.008876939627197591, 0.008876939627197591, 
     0.008876939627197591, 0.008876939627197591, 0.008876939627197591, 
     0.008876939627197591, 0.008876939627197591, 0.008876939627197591, 
     0.01143573207274909, 0.012377733109825364, 0.01208271893074495, 
     0.011809198749316118, 0.011464293912058367, 0.011055059126470061, 
     0.010587260171978634, 0.010587260171978634, 0.010065697869866478, 
     0.010065697869866478, 0.014815217658847463, 0.015090645305230178, 
     0.014815217658838194, 0.014906688973211662, 0.014370522173783163, 
     0.015791067654944594, 0.01887028228923459, 0.01806692361407393, 
     0.01766433242002584, 0.0170318533246821, 0.024855549206607902, 
     0.033841269944893816, 0.03602981292081803, 0.04853432731117985, 
     0.05135243443980787, 0.06156091256798877, 0.06401367648379247, 
     0.07516698799130032, 0.07456870049057632, 0.08202582904391895, 
     0.08663678975021913, 0.09820251184204688, 0.10053211512135034, 
     0.104239204384905, 0.11339773744653948, 0.10960650986484886, 
     0.10971342566095184, 0.12536480668465005, 0.12765406534199072, 
     0.12916399014983973, 0.1365156228645499, 0.14205879515164072, 
     0.15380623237098343, 0.15260856465246198, 0.15069878593044156, 
     0.14599723395488418, 0.15691113247708835, 0.15547934344262937, 
     0.15686027014273413, 0.15441157342021913, 0.1663688428121718, 
     0.1692036628945027, 0.16537088664376146, 0.16843187241030394, 
     0.17634435899902304, 0.17532874336173904, 0.17938306324960185, 
     0.17873473151254243, 0.18568987256782596, 0.1925688916907053, 
     0.18832640252078964, 0.19869335001175098, 0.20063031454093852, 
     0.20465504761745307, 0.20686241508499387, 0.21066717211060862, 
     0.21824538313210318, 0.21593352570670976, 0.21810205481772724, 
     0.2253382199344138, 0.22601816541419115, 0.24582362525778623, 
     0.2496335259610508, 0.25154594607207054, 0.2578631775432845, 
     0.2644219442631163, 0.27617112172325375, 0.26528891253266984, 
     0.2700686496911909, 0.27878586104354014, 0.2803685875880459, 
     0.2859219782038622, 0.2869064564996853, 0.28920468944093936, 
     0.28485954106111205, 0.2943264462891277, 0.2977511871227112, 
     0.29456747741695377, 0.2966959257306257, 0.3044849279991135, 
     0.3057125831222672, 0.3113307022259775, 0.3131186144312145, 
     0.3153986226431681, 0.3016170256541492, 0.308007911706145, 
     0.31581978265593247, 0.31244161726527814, 0.3281251265369446, 
     0.3252406815007628, 0.32694287069599237, 0.32293048296847954, 
     0.32880573771179444, 0.3313486783389308, 0.35138906387696905, 
     0.3339307267536977, 0.33970693648393097, 0.3473340909274833, 
     0.3489666017399582, 0.35453311852448516, 0.3516476343615703, 
     0.3472065779064223, 0.35720997445382935, 0.35482190122379353, 
     0.3592217329449608, 0.3726568270821416, 0.37633003401714443, 
     0.3697248701196098, 0.3700554336876041, 0.37714046215090397, 
     0.3721558397867876, 0.38055055939339805, 0.3785722431621562, 
     0.3773687029446671, 0.37267581092857166, 0.3738829047773594, 
     0.3759489240631677, 0.38732838268791553, 0.38141229516283626, 
     0.3857518197323472, 0.38404863529890065, 0.3719389128257073, 
     0.3811589217283066, 0.3775649708221238, 0.3859725022612924, 
     0.38254623774792085, 0.39832536618932296, 0.39092096857503056, 
     0.38504520485157917, 0.38443939032816865, 0.3795901614471614, 
     0.38925741372794304, 0.38724946679264133, 0.3842343675329437, 
     0.39292814783052893, 0.39800056878520024, 0.396657773016943, 
     0.39774931544627273, 0.397370432436682, 0.39941275124084985, 
     0.4071099859043599, 0.3941249334233031, 0.398440502647146, 
     0.3970807244939579, 0.39676922206221915, 0.3931297076969467, 
     0.40976972496252245, 0.4032017162015104, 0.4120268270831045, 
     0.3979180236482432, 0.39767851008960786, 0.4034512635780111, 
     0.41443750013803954, 0.40894777923322906, 0.3982439653733253, 
     0.3959563884669201, 0.4003429642288034, 0.3978566150791191, 
     0.4055303752211237, 0.41315468637266345, 0.4031107722623755, 
     0.4120428108978308, 0.41108091750514075, 0.42504977913924974, 
     0.41617790771146806, 0.424386521889028, 0.4237554215824617, 
     0.41555281314800585, 0.41873808769893417, 0.4130984361524236, 
     0.4263050163557335, 0.4076390139840609, 0.4154624259136713, 
     0.41316193578594285, 0.4130185572628652, 0.41473492703850323, 
     0.41269187462779666, 0.4137877129358461, 0.4157633580134418, 
     0.40876268717924225, 0.41421043661284423, 0.4071651445384118, 
     0.4200690408548135, 0.41495906808235, 0.4159112169876195, 
     0.40706958932571846, 0.4166643672294592, 0.4056706212142608, 
     0.4107970865038159, 0.4124564921463999, 0.4072691914859194, 
     0.4166265169558848, 0.4022874946888474, 0.40096063857600706, 
     0.4077305242981004, 0.3949562637489066, 0.40712433322276975, 
     0.3999186887947375, 0.4084960958351313, 0.4094739790269245, 
     0.4072611587554251, 0.4067503388256594, 0.3979468328598492, 
     0.4073915251717857, 0.410699436559838, 0.4086189187635538, 
     0.40495374810258855, 0.41037245572939274, 0.4055723702696329, 
     0.4029049997510561, 0.4074051047381184, 0.4045987755246241, 
     0.40119285885170014, 0.4097108789515296, 0.4104590850397787, 
     0.4036169534965203, 0.4006118209301234, 0.3993327579333252, 
     0.3993682265196802, 0.4029637072573853, 0.39796894726537757, 
     0.41065966667558373, 0.4102168546795271, 0.4101528681888746, 
     0.39593241305458315, 0.4018044981616147, 0.39280450125570066, 
     0.3946474788533828, 0.40278036631386316, 0.40218494823493034, 
     0.3988758520628651, 0.3939010766986961, 0.38884566575358087, 
     0.3942113542749443, 0.392473735534449, 0.39425353979949723, 
     0.3990533255134944, 0.38188384828504196, 0.38448030455474497, 
     0.3908130558473065, 0.3808991505818156, 0.389113924460748, 
     0.37360486244652874, 0.39507485422001765, 0.38929793135132085, 
     0.3843384936103869, 0.3821795886673563, 0.3725072464894222, 
     0.36783530152117105, 0.3737803542276614, 0.381820927182565, 
     0.377734150770361, 0.3790279134255571, 0.3691069851177173, 
     0.36877667985713286, 0.3692162854699169, 0.3774278231893432, 
     0.3711240134620077, 0.36078246338885306, 0.3716389582543004, 
     0.3795892203180674, 0.36679792494839103, 0.3654104438296893, 
     0.36916151441189327, 0.3642210763166564, 0.3691060549547429, 
     0.3642118555878408, 0.3576893290107133, 0.3610834480784749, 
     0.35409666486638675, 0.3561517184857283, 0.36761174309323724, 
     0.3630289140048702, 0.3657736479179881, 0.36601145405879976, 
     0.3632571989035318, 0.353859840878458, 0.3511060758788854, 
     0.35415086563768766, 0.35695534928080225, 0.35096332867055813, 
     0.35036329280600315, 0.3482361721564687, 0.3458417131304379, 
     0.35196827852886065, 0.35462404060358177, 0.35549568451903696, 
     0.3539063020462831, 0.3534889016601189, 0.34861472805296606, 
     0.34669903099304905, 0.3422644524546806, 0.3372940965109677, 
     0.3335504249937598, 0.3405385698799401, 0.343359718735488, 
     0.3460356434606797, 0.3417417182307771, 0.3434322491651969, 
     0.3386668416951386, 0.3349732651928314, 0.34741929656261655, 
     0.34086774264259756, 0.3357113986742392, 0.3400288514025764, 
     0.3414729442559476, 0.3364938401744238, 0.32675150744572934, 
     0.3207516036504779, 0.32421541661013276, 0.3153271734429342, 
     0.3242521144377192, 0.3264356794091574, 0.32071246808277615, 
     0.3209717221534114, 0.3183947291342758, 0.3152215172596818, 
     0.3067144595419162, 0.3169797531026238, 0.316004165916824, 
     0.31887843471138055, 0.31114721831620445, 0.3143387411937691, 
     0.3130110565981598, 0.31204986633403614, 0.31062107510702197, 
     0.30643665750708027, 0.31215972428534366, 0.30117732025706995, 
     0.3047447265303908, 0.31000746940534885, 0.3144198785203516, 
     0.31207057424146517, 0.30843381468910464, 0.3074255075627145, 
     0.3179232908299135, 0.31698983069930486, 0.3040462779292836, 
     0.30713113669363745, 0.3031325459675821, 0.30352655329057904, 
     0.3029114559357181, 0.30318474401776585, 0.2945542125332523, 
     0.2943730269188062, 0.2965964705622763, 0.2934477145331917, 
     0.29067557821837114, 0.28603271440379585, 0.2880196384073334, 
     0.29042003714152964, 0.28516193300012904, 0.2854148749509176, 
     0.2861186152887188, 0.287198354838688, 0.2897255135411508, 
     0.2867110289997008, 0.2821997942526945, 0.2805728419118434, 
     0.27880620445598203, 0.2777610153078921, 0.27532380676355933, 
     0.28216481511700475, 0.27924165334903944, 0.27979294542619376, 
     0.2768310225954118, 0.2754776641030345, 0.27456700430796566, 
     0.2653137810089366, 0.27455012345736823, 0.27149243358801234, 
     0.2622726190263758, 0.2675840057327277, 0.2686263490843749, 
     0.2663999123471427, 0.26297643633691153, 0.25998500936289143, 
     0.26369473179460257, 0.2630655695930996, 0.25744160293428997, 
     0.24902668046989596, 0.2581395401671184, 0.2572898923365593, 
     0.2542833618725375, 0.24905969984853998, 0.2560268457177435, 
     0.2539993812368035, 0.24945597734579886, 0.24577734841517718, 
     0.2506899111437657, 0.25102580727704016, 0.24753060166042634, 
     0.24803462257236175, 0.2472968182402997, 0.25303605588368194, 
     0.2504610177707269, 0.2445087075143498, 0.2428889240962131, 
     0.23994407403543377, 0.23377408784764117, 0.2402814749296936, 
     0.24062303263283225, 0.23705660708474, 0.23834624854635744, 
     0.23312229070957588, 0.23781824698336854, 0.2347885433079723, 
     0.2318545710043882, 0.23233666027498523, 0.222327370666915, 
     0.2244595644954501, 0.22761935646357315, 0.22338342235701625, 
     0.2170521182836781, 0.22591839655555224, 0.22428196831479746, 
     0.2234965988450131, 0.22347284695311392, 0.23047363082237135, 
     0.22615484930534055, 0.22561343024422895, 0.22883941780532635, 
     0.23447129955153553, 0.22668569701862543, 0.2235998835318991, 
     0.22798846037552653, 0.22635427271549216, 0.22083781981869316, 
     0.21931541185969947, 0.22053204403762794, 0.22241526429551955, 
     0.21954088678490724, 0.21492216800239175, 0.21782321625584244, 
     0.21865803231879782, 0.22101492993072847, 0.21898792531251593, 
     0.21779290205289423, 0.2134488229131898, 0.21640146656067918, 
     0.2147508462231598, 0.21375912151950022, 0.21176790410632976, 
     0.20854672777422606, 0.2000711497935356, 0.1985301362078396, 
     0.20230971574948958, 0.2010177529667499, 0.20273900227522976, 
     0.2040249214718372, 0.20586332098351479, 0.20799949839700146, 
     0.2005128904472358, 0.20272709982372464, 0.19915879741012563, 
     0.20233877639704628, 0.19206075023713579, 0.19657819068649018, 
     0.19625808167204298, 0.1974049918745216, 0.20192025189605958, 
     0.199781369651425, 0.19334898579562326, 0.19649046925060104, 
     0.19793757673660445, 0.199524251835135, 0.19033021629796762, 
     0.20167202764027092, 0.19807486934364477, 0.19951229804344048, 
     0.1941672316291559, 0.1947354032897293, 0.196246866265455, 
     0.19621076371862076, 0.19267556662521051, 0.1930861426500366, 
     0.19479620001130726, 0.19303785650076707, 0.18953205597890388, 
     0.18802379375665426, 0.18859452274205232, 0.18737837745110938, 
     0.19335633741341735, 0.19618559590287907, 0.190283874365646, 
     0.19806234144077509, 0.19595945522892141, 0.19610438841789424, 
     0.19921268998925878, 0.19822898791170554, 0.2017289155437022, 
     0.19794016235970913, 0.19992949364212795, 0.19634414706070863, 
     0.1965959780486092, 0.19794523554240537, 0.1922301484729114, 
     0.1916835236116267, 0.19070726185123757, 0.18993998996019953, 
     0.1893602885397469, 0.18794574807381592, 0.18820410151748534, 
     0.18362388400901491, 0.18323523502801886, 0.1817226509732387, 
     0.18220232205034023, 0.19022477088415632, 0.1864663780784064, 
     0.18570108199692067, 0.1865014444906837, 0.18269586503188293, 
     0.18316022731722284, 0.18606615194497142, 0.1904867018095022, 
     0.18309913490422228, 0.1854841240202495, 0.18763325267446626, 
     0.18623824634133337, 0.19135563835070651, 0.1917517906816862, 
     0.1832330745411742, 0.19084910605059704, 0.18839884570516405, 
     0.1842437918543039, 0.18721898793777336, 0.18267473701178769, 
     0.1821637830650233, 0.18520851525637366, 0.18183741537969245, 
     0.18238532119126297, 0.17719183270677866, 0.1757466458828009, 
     0.18076767079662284, 0.1754555503196197, 0.17552325914999814, 
     0.17585254697306296, 0.1764984264429567, 0.176213563806409, 
     0.18429942530132357, 0.18640392452768037, 0.18399735643265708, 
     0.1853627200497448, 0.18332084162899853, 0.18837255212149212, 
     0.18843500594359885, 0.18431797910457573, 0.18317796146157453, 
     0.18121388181694142, 0.18012640282249767, 0.1804295672240708, 
     0.18369585706305594, 0.18557186545244161, 0.18823330986091794, 
     0.18976789935077637, 0.1892437785580025, 0.18977469930002988, 
     0.1887267538965135, 0.18950680540873371, 0.18760221881857517, 
     0.189120709139528, 0.19281282764238983, 0.19263246696391548, 
     0.1880845252130329, 0.19303566493761093, 0.18627712410911004, 
     0.18692318417605466, 0.19266646991299333, 0.1970164348426694, 
     0.1900601232218414, 0.19003082533524457, 0.19069436164862333, 
     0.1948490767273089, 0.19959666919254088, 0.1945105810153971, 
     0.18848700784300373, 0.18811868222814515, 0.19466170295817845, 
     0.19511503143002593, 0.19435857171392892, 0.18798884794570597, 
     0.1995899946206116, 0.19929687550647548, 0.19463322649103776, 
     0.19853753712561303, 0.2015677991364745, 0.20055139015367968, 
     0.2008779565822803, 0.20521691331845138, 0.2029138599578977, 
     0.19811754578502175, 0.19417565681604113, 0.1975440231488282, 
     0.19479812588567913, 0.19598425385790452, 0.19954829677267605, 
     0.19232924977836016, 0.19062802134571075, 0.19946348857041965, 
     0.19915595008411793, 0.19585818446148398, 0.19955240143079106, 
     0.19960714357670598, 0.19694491687171986, 0.19530573511035745, 
     0.19144569547803267, 0.1919301176667558, 0.19221819659290973, 
     0.19652770879111842, 0.19703280409235918, 0.1947549540602281, 
     0.1965738214936336, 0.19739691495925912, 0.19412452931447402, 
     0.19711142648954458, 0.1959443653633407, 0.19671497417431194, 
     0.19387631072090084, 0.19489619484687976, 0.19652854371571132, 
     0.19373936255198182, 0.19222046259989511, 0.19213128884395358, 
     0.1909108327898324, 0.18728551251282774, 0.19097972794340773, 
     0.19249905936674475, 0.19012652371606187, 0.19491920713443078, 
     0.1920351976425515, 0.18914909918390413, 0.18212297897856433, 
     0.18867664339921436, 0.19348124190854735, 0.1887085201581254, 
     0.19059029268515187, 0.18998533660551775, 0.1844029791158876, 
     0.18861436490660444, 0.1857545303548004, 0.18536891392000157, 
     0.19034775428360254, 0.19099171801721473, 0.1930964514524525, 
     0.18860740119209934, 0.19206966350923732, 0.18841248279435088, 
     0.19420162814141353, 0.18848818797506503, 0.18397292177802305, 
     0.18165349008330134, 0.18112392642767797, 0.17926553872411224, 
     0.1815321521548498, 0.1800088330140758, 0.17768222849953927, 
     0.17853863220370703, 0.174924430167112, 0.17107178730455425, 
     0.1709574104300335, 0.17276511075385953, 0.169768805156867, 
     0.1693114047901394, 0.17021536156083084, 0.1737796340297865, 
     0.17040827662704017, 0.17000011473584975, 0.16668016372914524, 
     0.1690117992760573, 0.1709492125546183, 0.17335336706226073, 
     0.17107978010126423, 0.16796365217558068, 0.1741229035683383, 
     0.1727089916935056, 0.16757388330845413, 0.16506048853831629, 
     0.16794529553280096, 0.1707983098628757, 0.16513611148279925, 
     0.16683541790546344, 0.16922155792962942, 0.17068121478016288, 
     0.17131110946009126, 0.16759364628516613, 0.17170123940554669, 
     0.16919771516638069, 0.16576081946172738, 0.16313890871485284, 
     0.15997592625593787, 0.15978360900214833, 0.16150476033180655, 
     0.15606642015859878, 0.16375820963195584, 0.16599470374303618, 
     0.1636162537293615, 0.16253382844345607, 0.16411394576389315, 
     0.16439161142934539, 0.164231957110085, 0.16179138524532952, 
     0.16308662610067648, 0.16090751441185083, 0.1607340034094412, 
     0.16670015090606866, 0.16459640086814287, 0.1644943946836263, 
     0.16016117656470993, 0.16137293469565042, 0.16403097314975143, 
     0.16155492646294872, 0.1677423516720208, 0.16505614021253012, 
     0.16205907046089166, 0.1643717093143768, 0.16380206424665425, 
     0.15956713338497677, 0.1604976556077923, 0.16336780802660616, 
     0.15870148741737258, 0.15739092750621944, 0.15952982710716232, 
     0.15881512969809003, 0.16076241195871052, 0.16386813123834335, 
     0.16692079293216894, 0.16399691380124382, 0.15985113316486216, 
     0.16029864155859047, 0.16046745834485462, 0.16360787278368144, 
     0.1603799717590331, 0.16033696805200892, 0.159871403688213, 
     0.1605275593047199, 0.16103856544077413, 0.16103856544077413, 
     0.15762882712412463, 0.15782965894306014, 0.16359634108959395, 
     0.16327068711210133, 0.1631201292074641, 0.1619135279590841, 
     0.16256305380544175, 0.16530385195124717, 0.1649232469469394, 
     0.16361733093149664, 0.16187787291195155, 0.1580108012347587, 
     0.15860079063934762, 0.16199521149279514, 0.1599342125574839, 
     0.16292598483955847, 0.1610445587960018, 0.1584380168368004, 
     0.15673805916045067, 0.15320239292235674, 0.15515296697569386, 
     0.15336013176386465, 0.15067002539691315, 0.1525789203295383, 
     0.15232677339994427, 0.1557093757549051, 0.15762319154422202, 
     0.15623729344102355, 0.15104080910700024, 0.14789236265198033, 
     0.147805080493727, 0.1478436270125919, 0.1486501815635629, 
     0.15243180828369085, 0.1520063794392309, 0.1501984879639363, 
     0.14782548083813274, 0.14723266096286464, 0.14837408868145818, 
     0.14694096202894386, 0.14897869431612198, 0.14874653523638512, 
     0.15093368163799561, 0.151185162059602, 0.14967063804148156, 
     0.14968338989363306, 0.15272516042603873, 0.15163422604832213, 
     0.1519545708943897, 0.14914997279291284, 0.1478619977498631, 
     0.14537737218226612, 0.14275982492768016, 0.13899342523081357, 
     0.14125115314629164, 0.14229566037387142, 0.14360598322973855, 
     0.14119711320570436, 0.1388998429330188, 0.13982239750312683, 
     0.14168554540728587, 0.14578119795379968, 0.14877485132614035, 
     0.14758756424890743, 0.14649926872589644, 0.15165554033020118, 
     0.14971269700208734, 0.14993704475959818, 0.15174255010287246, 
     0.1493306503644623, 0.14778557481085272, 0.14537465407064107, 
     0.14783154327200979, 0.1482259238692684, 0.15180675166663218, 
     0.1536709985026353, 0.15138136662906038, 0.15146913598131406, 
     0.15350308512062683, 0.14980942639661374, 0.14880923257273265, 
     0.1450907677862001, 0.14278591588657094, 0.14574419752656567, 
     0.14276962399689055, 0.14033419619848855, 0.14352712771958978, 
     0.1415475055253078, 0.14143231935301653, 0.14253184006537759, 
     0.14347059805885137, 0.14550144564894749, 0.1458586308009178, 
     0.14756713801040974, 0.14740387165584193, 0.14572899907935533, 
     0.14329722513127083, 0.14293624303049793, 0.1408945668595075, 
     0.1409649080954002, 0.1404413839070584, 0.1395083935103401, 
     0.13845945426846853, 0.13788524599561405, 0.13610962319379116, 
     0.13704791751873185, 0.1405434992615117, 0.13800274523255657, 
     0.14002441943069827, 0.13681306352404368, 0.13373805873471886, 
     0.13475679189773287, 0.13313184584393192, 0.13317171103030415, 
     0.13335193451026642, 0.13776682377335545, 0.1359535611427821, 
     0.13531001580610033, 0.13471979794450512, 0.13577803110889358, 
     0.13735202324427467, 0.13820392137112572, 0.1363961183621457, 
     0.13728428459722003, 0.13585659744004266, 0.1362673992308825, 
     0.13494327528670483, 0.13450264261922582, 0.1317926835503107, 
     0.13125073366301793, 0.13188145891058153, 0.1348049932163583, 
     0.1328376929950268, 0.13221458297370015, 0.13051219778842837, 
     0.13046243199533805, 0.13067774319074912, 0.131093524731615, 
     0.1284824887544386, 0.13076155038646714, 0.129975622920951, 
     0.12995510996282691, 0.1264657587734141, 0.12820664910064855, 
     0.12885857866915781, 0.1287950194451923, 0.12705987453186451, 
     0.12432319793309414, 0.1232831227198065, 0.12493854482312912, 
     0.12741089954103446, 0.12539194117397864, 0.12505870637363217, 
     0.12585661265939516, 0.1246807435933318, 0.12413376255076126, 
     0.12433367710147555, 0.12247249895283, 0.12181489025387959, 
     0.12179959796454552, 0.1252861507625637, 0.12662832591539513, 
     0.1288445454407157, 0.12601396572448426, 0.12764300996726013, 
     0.12916945314370262, 0.12736346204374405, 0.12927884556863475, 
     0.12957079184575301, 0.12769812647753634, 0.1282686488692654, 
     0.1289409813735894, 0.1250963478704732, 0.12437608191506958, 
     0.12044075786408892, 0.12237258947238507, 0.1239104210157422, 
     0.12284189322587732, 0.12097580319137226, 0.1207282726408063, 
     0.12060470617129619, 0.12070798723149949, 0.12145443461468218, 
     0.12062760362686717, 0.12332964683636248, 0.1277019068361499, 
     0.12331285950179331, 0.12131980763744407, 0.12438606445328565, 
     0.12466127826801449, 0.12425097939518062, 0.12570559800401837, 
     0.1256542687466241, 0.12641777120624065, 0.1264167598285012, 
     0.12785227170995195, 0.12050396373740228, 0.1214667443457795, 
     0.123141861493423, 0.12430567754421547, 0.12416603716130473, 
     0.1238085379672648, 0.12451821020218753, 0.12174185818030595, 
     0.12190029960624511, 0.12309171088814476, 0.12462779696906731, 
     0.12320013684575369, 0.12180089217981818, 0.11861870111105978, 
     0.11531830487671162, 0.1179053102429298, 0.11667640192810709, 
     0.11774147639602152, 0.11865222530443305, 0.12165980993108949, 
     0.12040793531586154, 0.1212289918215572, 0.11905000486491304, 
     0.11905408165842446, 0.11646322765525162, 0.1155710518253185, 
     0.11660422613848995, 0.11923247618664265, 0.11733290142518103, 
     0.11470192888096051, 0.11157523583505742, 0.11355031354266341, 
     0.11450970285176201, 0.11408352907620152, 0.11429458499192018, 
     0.10744418503102578, 0.10769170295086562, 0.10533813981996705, 
     0.10856175477239204, 0.10937340322583376, 0.10658061279929801, 
     0.10907891230442518, 0.11283797234789777, 0.11106388633201048, 
     0.10862658773125321, 0.1109837700273492, 0.10953930017251529, 
     0.10788422754686368, 0.10420862083559329, 0.10678709646304839, 
     0.10650162546259682, 0.10499748102114603, 0.10657440860873377, 
     0.11064662742043674, 0.10643965664300563, 0.10486453612169876, 
     0.0997855964376986, 0.1028057348186008, 0.10471335785914436, 
     0.10337501500624148, 0.10442150128713852, 0.10385750630063655, 
     0.10538351482354034, 0.1039791541379785, 0.10577758572967964, 
     0.10276300860214291, 0.1018052638040377, 0.10407048938490884, 
     0.1040468836717706, 0.10394372414951931, 0.10820804777541526, 
     0.10784741262632838, 0.10543696139864255, 0.10055775082034667, 
     0.10384214033144529, 0.10415487195226997, 0.10534515336144863, 
     0.10577027861540735, 0.10715980788612138, 0.10747313687849372, 
     0.10810772307219538, 0.1101055258098141, 0.10688503584740765, 
     0.10781961488229692, 0.10508620695491165, 0.10558565094841392, 
     0.10755837647007858, 0.10738749689026793, 0.1084806957551731, 
     0.1080473516138809, 0.10477335974404325, 0.10562609280703696, 
     0.10261989100689216, 0.10348484519710627, 0.1049053906782732, 
     0.10397269724295724, 0.10318987289693896, 0.10080724043986643, 
     0.10021414411292548, 0.09740451288433348, 0.09684175383077001, 
     0.09555803319361873, 0.09617521999962976, 0.09689163384586111, 
     0.09744005185111558, 0.0951820067029553, 0.0958032284708785, 
     0.10004806670277189, 0.09746324347429354, 0.09553752340333142, 
     0.0948766205651694, 0.09451802552837486, 0.09201027882050966, 
     0.09095071189650879, 0.09097442604542498, 0.09343074236960172, 
     0.09463578576454158, 0.09493903978220054, 0.09268078089200961, 
     0.0866035543322844, 0.08817666222345828, 0.08766650500057571, 
     0.08433138911004695, 0.08406713464366278, 0.0837914633584477, 
     0.07965367957682616, 0.0796714272052713, 0.08460980214018789, 
     0.08862241413774594, 0.08646705016751967, 0.08723142349248435, 
     0.08359082470077359, 0.08162301872869007, 0.08144692825869103, 
     0.08047158542279205, 0.08384341596902575, 0.08052772165943246, 
     0.08091721074017717, 0.08011491175379844, 0.08036687992053053, 
     0.0777523063945897, 0.07772118761711301, 0.07681182387221637, 
     0.07740797105300005, 0.07602014399358598, 0.07296584651559888, 
     0.07428645023417024, 0.0760447098422698, 0.0761171010257051, 
     0.07576436997617797, 0.07653361283336384, 0.07614458987150598, 
     0.0760201931971781, 0.07631356598995165, 0.07596782228153665, 
     0.07586460310056146, 0.07577720396513023, 0.07273936937596857, 
     0.07475880334422487, 0.07553556198950608, 0.07587746433596398, 
     0.075191806806057, 0.0745847265730592, 0.07446027576873199, 
     0.07202061028729707, 0.07059978306780679, 0.07032396182960853, 
     0.07051960772605789, 0.07065711790105582, 0.07613942063894931, 
     0.07974460242787813, 0.0845072807049729, 0.08197361884047619, 
     0.08250824293024167, 0.08172387729266012, 0.08161984621571429, 
     0.08139380026839425, 0.08155621980916104, 0.08100732801153876, 
     0.08081105652874106, 0.0804084653346919, 0.08021499728027089, 
     0.08018893734852078, 0.07818289897082842, 0.07837278066949037, 
     0.07837278066949037, 0.07965864424839206, 0.08010171299021822, 
     0.08087847163549945, 0.08146890690018446, 0.0817018196819502, 
     0.08151695058379181, 0.08105305593177875, 0.08094730669767285, 
     0.08112051339872971, 0.08079707140891183, 0.08084095091722877, 
     0.08064952715755712, 0.08084996213243671, 0.08049098506056146, 
     0.08049098506056146, 0.08034740427403926, 0.08054783924891881, 
     0.07913433020348623, 0.07731106224017462, 0.07731106224017462, 
     0.0800468592705115, 0.08072203672700383, 0.08120505055609188, 
     0.08120505055609188, 0.0809031575856025, 0.08090315758560247, 
     0.08061642219867246, 0.0805106729645666, 0.08061646662884227, 
     0.08064824385987276, 0.08032480187005489, 0.08032480187005489, 
     0.08032480187005489, 0.07954804322477366, 0.0787178174095329, 
     0.07727630216737771, 0.07727630216737771, 0.07744786494884069, 
     0.07673969515590447, 0.07677507906570542, 0.07677507906570542, 
     0.0751543853334369, 0.07530537747713763, 0.0746096388384428, 
     0.0746096388384428, 0.07552942896991069, 0.07636930316186934, 
     0.07699507638759989, 0.07699507638759989, 0.07752550533585595, 
     0.0780274612911391, 0.07708992963906029, 0.07751403926831726, 
     0.07751403926831726, 0.07751403926831726, 0.07788429607961109, 
     0.07702934641497099, 0.07702934641497099, 0.07665924707959461, 
     0.07668931311719092, 0.07657116179732423, 0.07635636483337521, 
     0.07605629558273869, 0.07607216576731726, 0.07570541927190515, 
     0.07576435132267595, 0.07576435132267595, 0.07527619758837635, 
     0.07400521988193554, 0.07394641310545076, 0.07394641310545076, 
     0.07252586762428385, 0.07252586762428385, 0.07273432784416589, 
     0.07273432784416589, 0.07167415982594055, 0.07167415982594055, 
     0.07180029907578013, 0.07179431293598748, 0.07190297891715682, 
     0.07190297891715682, 0.07190297891715682, 0.07190297891715682, 
     0.07135533557077131, 0.06949408949047989, 0.0697137357759567, 
     0.07016213615520137, 0.07066699189376384, 0.07092486725543587, 
     0.07092486725543587, 0.07109830349636163, 0.07072166285690185, 
     0.07081045385561828, 0.07081045385561828, 0.07412128201680476, 
     0.07479630445941125, 0.07394922975210433, 0.07394922975210433, 
     0.07419988609530585, 0.07419988609530585, 0.07419988609530585, 
     0.07419988609530585, 0.07368890457464142, 0.07368890457464142, 
     0.07368890457464142, 0.07294019879465255, 0.07294019879465255, 
     0.07294019879465255, 0.07235520669666473, 0.07244418650873724, 
     0.07244418650873724, 0.07086406918830013, 0.07086406918830013, 
     0.07086406918830013, 0.07086406918830013, 0.06872183517657413, 
     0.06872183517657413, 0.0682276905720166}
