MITN3R89 = {0.23680126870969279, 0.008876939627197591, 0.008876939627197591, 
     0.008876939627197591, 0.008876939627197591, 0.008876939627197591, 
     0.008876939627197591, 0.008876939627197591, 0.008876939627197591, 
     0.008876939627197591, 0.008876939627197591, 0.008876939627197591, 
     0.008876939627197591, 0.008876939627197591, 0.008876939627197591, 
     0.008876939627197591, 0.008876939627197591, 0.008876939627197591, 
     0.008876939627197591, 0.008876939627197591, 0.008876939627197591, 
     0.008876939627197591, 0.008876939627197591, 0.008876939627197591, 
     0.008876939627197591, 0.008876939627197591, 0.008876939627197591, 
     0.008876939627197591, 0.008876939627197591, 0.008876939627197591, 
     0.008876939627197591, 0.008876939627197591, 0.008876939627197591, 
     0.008876939627197591, 0.008876939627197591, 0.008876939627197591, 
     0.008876939627197591, 0.008876939627197591, 0.008876939627197591, 
     0.008876939627197591, 0.008876939627197591, 0.008876939627197591, 
     0.008876939627197591, 0.008876939627197591, 0.008876939627197591, 
     0.008876939627197591, 0.008876939627197591, 0.008876939627197591, 
     0.008876939627197591, 0.008876939627197591, 0.008876939627197591, 
     0.008876939627197591, 0.008876939627197591, 0.008876939627197591, 
     0.008876939627197591, 0.008876939627197591, 0.008876939627197591, 
     0.008876939627197591, 0.008876939627197591, 0.008876939627197591, 
     0.008876939627197591, 0.008876939627197591, 0.008876939627197591, 
     0.008876939627197591, 0.008876939627197591, 0.008876939627197591, 
     0.008876939627197591, 0.008876939627197591, 0.008876939627197591, 
     0.008876939627197591, 0.008876939627197591, 0.008876939627197591, 
     0.008876939627197591, 0.008876939627197591, 0.008876939627197591, 
     0.008876939627197591, 0.008876939627197591, 0.008876939627197591, 
     0.008876939627197591, 0.008876939627197591, 0.008876939627197591, 
     0.008876939627197591, 0.008876939627197591, 0.008876939627197591, 
     0.008876939627197591, 0.008876939627197591, 0.008876939627197591, 
     0.008876939627197591, 0.008876939627197591, 0.008876939627197591, 
     0.008876939627197591, 0.008876939627197591, 0.008876939627197591, 
     0.008876939627197591, 0.008876939627197591, 0.008876939627197591, 
     0.008876939627197591, 0.008876939627197591, 0.008876939627197591, 
     0.008876939627197591, 0.008876939627197591, 0.008876939627197591, 
     0.008876939627197591, 0.008876939627197591, 0.008876939627197591, 
     0.008876939627198589, 0.008876939627198589, 0.008876939627198589, 
     0.008876939627198589, 0.008876939627198589, 0.008876939627198589, 
     0.008876939627198589, 0.008876939627198589, 0.008876939627198589, 
     0.008876939627198589, 0.008876939627198589, 0.008876939627198589, 
     0.008876939627198589, 0.008876939627198589, 0.008876939627198589, 
     0.008876939627198589, 0.008876939627197308, 0.008876939627197308, 
     0.008876939627197308, 0.008876939627197308, 0.008876939627198394, 
     0.008876939627198394, 0.008876939627198394, 0.008876939627198394, 
     0.008876939627198394, 0.008876939627198394, 0.008876939627198394, 
     0.008876939627198564, 0.008876939627198564, 0.008876939627198564, 
     0.008876939627198564, 0.008876939627198564, 0.008876939627198564, 
     0.008876939627198564, 0.008876939627198564, 0.008876939627198597, 
     0.008876939627198597, 0.008876939627198597, 0.008876939627198597, 
     0.008876939627198597, 0.008876939627198597, 0.008876939627198597, 
     0.008876939627198597, 0.008876939627198597, 0.008876939627198597, 
     0.008876939627198597, 0.008876939627198597, 0.008876939627198597, 
     0.008876939627198597, 0.008876939627198597, 0.008876939627198597, 
     0.008876939627197275, 0.008876939627197275, 0.008876939627197275, 
     0.008876939627197275, 0.008876939627197275, 0.008876939627197275, 
     0.018357643549818704, 0.008876939627197275, 0.008876939627197275, 
     0.008876939627197275, 0.008876939627197275, 0.008876939627197275, 
     0.008876939627197275, 0.008876939627197275, 0.008876939627197275, 
     0.008876939627197275, 0.008876939627197275, 0.008876939627197275, 
     0.008876939627197275, 0.008876939627197275, 0.008876939627197548, 
     0.008876939627197548, 0.008876939627197548, 0.011437283380260732, 
     0.011437283380260732, 0.011437283380260732, 0.011437283380260732, 
     0.011437283380260732, 0.014029024501579454, 0.014029024501579454, 
     0.014029024501579454, 0.014029024501579454, 0.014029024501579454, 
     0.014029024501579454, 0.01506160493198949, 0.01506160493198952, 
     0.015061604931989566, 0.015061604931989566, 0.015061604931989566, 
     0.015061604931989566, 0.01566026350092695, 0.01566026350092695, 
     0.01566026350092695, 0.01566026350092695, 0.01566026350092695, 
     0.015935029969340125, 0.015935029969340125, 0.015935029969340125, 
     0.015935029969340125, 0.028322077861521196, 0.020882404937010064, 
     0.020882404937010064, 0.021133157777301206, 0.021133157777301206, 
     0.021133157777301206, 0.029913942026569645, 0.012386309790514104, 
     0.015853023359045922, 0.015853023359045922, 0.018742509711017697, 
     0.02013125134811783, 0.029992751105024053, 0.01724176499614606, 
     0.01724176499614606, 0.01724176499614606, 0.019519059493859847, 
     0.019519059493859847, 0.019519059493859847, 0.022408545845831608, 
     0.022954609317366887, 0.02750479588990625, 0.029545826888015336, 
     0.020065122965395116, 0.024281075137245044, 0.026702016314703512, 
     0.026702016314703512, 0.030043997441747676, 0.030043997441747676, 
     0.030043997441747676, 0.034050153423735685, 0.03609118442184476, 
     0.037597645592423144, 0.03368398420800684, 0.036573470559978616, 
     0.037522664227739956, 0.03910936219769336, 0.04468109374256731, 
     0.04468109374256731, 0.048153977962383784, 0.05424748482118881, 
     0.05589328919389775, 0.04531403911319528, 0.04624527681447996, 
     0.05377134577765418, 0.05377134577765418, 0.05835778789395277, 
     0.07144813082739868, 0.06241530851610102, 0.06380678579349042, 
     0.06367759696570365, 0.06386701618873665, 0.061755531919182045, 
     0.06568348741061596, 0.06568348741061596, 0.06938250733870592, 
     0.0738496741244245, 0.0773785207592672, 0.06850836628877123, 
     0.07121030012504193, 0.07405139108737303, 0.07663289337026635, 
     0.09226357932027877, 0.08925894637432219, 0.0958031118548708, 
     0.09963841271899297, 0.09355630586568921, 0.09072651367306585, 
     0.10153961850000935, 0.10472784872754037, 0.11009890641898919, 
     0.10896041696726386, 0.10875086629299568, 0.10022759340599431, 
     0.1067642156863852, 0.11834479005204254, 0.12371584774349126, 
     0.1251074064373393, 0.13014765357903843, 0.1331342188344046, 
     0.1367602697033964, 0.1444364038634417, 0.1432854208989122, 
     0.14278608699537626, 0.1426565745599604, 0.14567663771587858, 
     0.17637335005466734, 0.16996536843490775, 0.16860318681426562, 
     0.16576209585193075, 0.17618055774968114, 0.17923058173221662, 
     0.18102830144721227, 0.21014219197900677, 0.2001986074081856, 
     0.1992766050809615, 0.20345096700155824, 0.20113811585092103, 
     0.20508044319390392, 0.21538324450561366, 0.2113444682329508, 
     0.2149629363304238, 0.21646561112055054, 0.22207189617442102, 
     0.22579910748955728, 0.2238988592815574, 0.2278758469875647, 
     0.24929019173647093, 0.24650594825977054, 0.2503065272465012, 
     0.2786260820264724, 0.2659824094433008, 0.25771637421023635, 
     0.2603382795785364, 0.27159090248435463, 0.28190457295787774, 
     0.2786465435497551, 0.29376261452965635, 0.3066465115822766, 
     0.297278664787056, 0.3261763957945125, 0.3205952200411746, 
     0.3259490758769788, 0.3324695124633101, 0.33602470632355597, 
     0.32998423906425955, 0.33689260285531264, 0.35026887015965585, 
     0.34413167993809474, 0.3412965820830451, 0.34551647073389824, 
     0.35068388626445934, 0.3454687749941532, 0.36849364232338505, 
     0.3628752363357251, 0.37255962799196474, 0.379282914519991, 
     0.3768401754882932, 0.39371156981336164, 0.3994106507634046, 
     0.39344926845384376, 0.39708977438739157, 0.3930309629726124, 
     0.39923144076039707, 0.40599315044020834, 0.40474989724813, 
     0.39403481971348875, 0.4114135124752824, 0.4160611199778842, 
     0.4301621480848227, 0.42327425206937686, 0.42995757208394925, 
     0.4398742155380438, 0.4431653730246248, 0.44922745701691796, 
     0.4412506299043926, 0.4432976073411775, 0.42862443152208196, 
     0.43431369856000285, 0.44097466906168137, 0.43378499842223633, 
     0.4430382907987181, 0.45659047153409926, 0.46920795827731254, 
     0.46640155152740287, 0.4676509331077821, 0.48599327527567415, 
     0.49624767196152214, 0.49386763142760426, 0.4870787393729717, 
     0.5064373554932851, 0.5177689186173049, 0.5073469565370218, 
     0.5096183321666321, 0.5023942910336311, 0.48449711683410446, 
     0.4886682449520299, 0.4988772685703502, 0.5098569568796174, 
     0.5177596528087614, 0.5189994615056194, 0.5287434717073374, 
     0.5207773425794346, 0.5065965394977562, 0.5084185956011151, 
     0.5198422241353495, 0.5294128128050615, 0.531365533475315, 
     0.5473129559140073, 0.5480350835819086, 0.5447103251000796, 
     0.5557324129194008, 0.5559578350687803, 0.5713742256121218, 
     0.5520283113101087, 0.5668473132908206, 0.5747025215894317, 
     0.5702114784305021, 0.5854863225566508, 0.5932691354599438, 
     0.5848651553472712, 0.5900242164522052, 0.600259091231257, 
     0.5998104589128317, 0.5936145003736476, 0.5932548979969949, 
     0.6006805603915845, 0.593546108610078, 0.6064461029753542, 
     0.6006351259403208, 0.6008829295693467, 0.6133012298785299, 
     0.6146716850543561, 0.6218698882170505, 0.6208374136921302, 
     0.6213574041513507, 0.620879962064343, 0.6219759031438628, 
     0.6313879131502208, 0.6348946775939163, 0.6517168850003578, 
     0.6516888782655219, 0.6478283978543501, 0.6677530285643478, 
     0.6608547772342778, 0.6636594871354027, 0.6695445348483853, 
     0.6532995240365971, 0.6566358732632193, 0.6674380915201912, 
     0.6648853326508717, 0.6567292820509438, 0.6474920507925941, 
     0.6430972980131395, 0.6371819294762465, 0.6476551538711649, 
     0.6569144153770041, 0.637696217551198, 0.654814701532987, 
     0.6539897623119734, 0.6596779939975745, 0.6536844929653919, 
     0.6594907412939691, 0.6550584268378419, 0.6706150997960694, 
     0.6890954020104137, 0.6800992114516248, 0.6795386049738411, 
     0.6936632851986949, 0.6650976742450471, 0.6764663159349935, 
     0.681566087171991, 0.6811601141307974, 0.6873473028202234, 
     0.6740142493149298, 0.6885730798096835, 0.6868055171892947, 
     0.6951844366891745, 0.690612848621019, 0.6962087868309744, 
     0.693770567400334, 0.6887260592077297, 0.7087246708265111, 
     0.6983903921400773, 0.70657957707735, 0.7029302457744293, 
     0.725184863073562, 0.7165539449762336, 0.7234356440608548, 
     0.7280793124586308, 0.729390119177348, 0.7336856788424723, 
     0.7376281805782663, 0.7267016045754131, 0.7237730815487791, 
     0.7309749930981164, 0.7351255319523056, 0.7442644767153015, 
     0.7485199278421325, 0.7452052522234303, 0.7411866351347066, 
     0.7460177115216324, 0.7314308433098203, 0.7478924015529516, 
     0.7231992586089167, 0.7417273834656917, 0.737729000098817, 
     0.7400926489741476, 0.7434746192113871, 0.7474513026039938, 
     0.7512193342021068, 0.7551645380850514, 0.7485225227897103, 
     0.7436034578793378, 0.7448696108131264, 0.7472509259728665, 
     0.7418450590996272, 0.7446950464966144, 0.7417285174546472, 
     0.7423984200497198, 0.7399493504723845, 0.7480206721278155, 
     0.7435530781532075, 0.7410488913326524, 0.7453827876157424, 
     0.7450951558529374, 0.7511674923268628, 0.7494164954266118, 
     0.751600692561523, 0.7411539609807287, 0.7411762774792136, 
     0.7524658888531178, 0.7449041347605463, 0.7538902153255126, 
     0.7407493775569256, 0.743038391798092, 0.7367527345878903, 
     0.7404526329664901, 0.7320949931650784, 0.7338802220698807, 
     0.7420581289476968, 0.7455399096021667, 0.728331192137296, 
     0.7325522755312427, 0.7569839549003524, 0.741440011533522, 
     0.7422236090998686, 0.7484741332650493, 0.7432618793069183, 
     0.743882493236551, 0.7478551823940773, 0.7484557773843545, 
     0.7484841179909564, 0.7528668294654887, 0.7560765225614025, 
     0.7469653157033563, 0.7501115314857024, 0.7509761082210492, 
     0.7497102226932929, 0.7557721375792664, 0.7561416670499085, 
     0.7712766727989233, 0.7593061795313994, 0.7614333121223831, 
     0.7582843350301597, 0.7475950374040683, 0.752909721481611, 
     0.7538437749437247, 0.7523006794335378, 0.7458805843867954, 
     0.7411717688031669, 0.7419862595585093, 0.7396010882433588, 
     0.7357694121704653, 0.7375321701207443, 0.7542738111766761, 
     0.7414269409075029, 0.7469990752867876, 0.7432227361192398, 
     0.7411847190950578, 0.7477123513368863, 0.7418804814627402, 
     0.7396956243967905, 0.7378379096232816, 0.7365516910479806, 
     0.7362965822292236, 0.7366485876135288, 0.7365977898888273, 
     0.7350408105316922, 0.7309662732944028, 0.7289470077285594, 
     0.7195198681660312, 0.7132868309485839, 0.7129493159895027, 
     0.7107489147193057, 0.7131850632997755, 0.7091485441125301, 
     0.7028950192738591, 0.6951830727147209, 0.6949886258548172, 
     0.6953077695333584, 0.6921262752603227, 0.6884680064842109, 
     0.6912810735659204, 0.6941869811114748, 0.6983778469748185, 
     0.6982097443518352, 0.6949192490195505, 0.6997430484963694, 
     0.6982463786914428, 0.7007782826207484, 0.7047946950270711, 
     0.6898794893203368, 0.6847279495424183}
