MITN1R75OverHOfCCorrected = {0.4778539559291446, 0.47513005606392855, 
     0.4652201037801553, 0.45560213780083886, 0.4396652725067271, 
     0.4304697560252347, 0.42913623856172345, 0.4243750088447087, 
     0.4087539890889547, 0.4136432436341983, 0.4152026997342456, 
     0.41662350289096517, 0.41103011091541997, 0.4132689608644973, 
     0.4170505564824897, 0.4136693499392598, 0.41282564890015383, 
     0.40905511373461134, 0.40626386555064453, 0.3943690174696343, 
     0.39318347750023014, 0.39261741196517697, 0.3751749825239428, 
     0.3817537247989033, 0.37732729850995256, 0.37522255127974297, 
     0.38277221303442266, 0.3765129735069687, 0.3740027505853485, 
     0.3759917058691364, 0.38095798995720154, 0.3769560788223181, 
     0.37657607498782564, 0.38816315673533797, 0.37834740552286983, 
     0.3881343597064179, 0.38709570909426594, 0.38789219963364063, 
     0.3804714242144554, 0.3863631171386399, 0.3836691597387373, 
     0.38378376978751605, 0.3745521895693908, 0.3865142668749426, 
     0.37479742701315527, 0.38211818847677637, 0.3802494215849297, 
     0.38028632292451414, 0.37969756191909904, 0.38061623107009773, 
     0.3726136089197623, 0.37477854240443553, 0.367614463394649, 
     0.3710733102059125, 0.3578687196091575, 0.366545823170582, 
     0.36311646551942045, 0.3639112797004553, 0.361749449238445, 
     0.35832142847411486, 0.35799336959948497, 0.36089334416662466, 
     0.35999748818714755, 0.3524044146367151, 0.3610001282058884, 
     0.3602972335636759, 0.35933454126688885, 0.3542616386781326, 
     0.36140010921258287, 0.3477559237599908, 0.3361427879302455, 
     0.3557369394692058, 0.3537179699551617, 0.3367946902987647, 
     0.34723137907921897, 0.3518976958101097, 0.3526052248647647, 
     0.3437476056282673, 0.34906377485513956, 0.3431767402820954, 
     0.35345708410321625, 0.35737949387831364, 0.3499675318703747, 
     0.35420752843638953, 0.35608489938634796, 0.3515166039784965, 
     0.35465345698328954, 0.34697937936682793, 0.35639404458792984, 
     0.35223897733918547, 0.37202646756312696, 0.3573244862254119, 
     0.3526395037608285, 0.35998878492363157, 0.35932042584018514, 
     0.3556832213340965, 0.3612140091607906, 0.3557172394362448, 
     0.36074207845880985, 0.3632256825286291, 0.3597760662221908, 
     0.36111883747688306, 0.35215160223152253, 0.3572966530081963, 
     0.3615015902611143, 0.3644228316882765, 0.3580091515408179, 
     0.3632635864603443, 0.3820394020566039, 0.3691898246789247, 
     0.3704918095151918, 0.3671052379282795, 0.35969752119720805, 
     0.36989460846349875, 0.380251153702306, 0.3759092598220293, 
     0.37789130194588355, 0.3853126652467095, 0.3727164069465433, 
     0.3767779530532743, 0.37843778575571807, 0.36891312751594335, 
     0.3804335498543495, 0.38229984496385266, 0.37649400976610736, 
     0.3823966921542839, 0.38141433435958516, 0.38656232955387293, 
     0.38700829507623086, 0.39410970492506575, 0.39303348154955714, 
     0.39822141177057035, 0.39957043737288334, 0.3960747329194762, 
     0.4032766831175404, 0.4034097055712063, 0.4130149197621127, 
     0.41456551495614624, 0.42730477605078804, 0.4234804889506132, 
     0.4236880750793895, 0.4199314298183166, 0.4154545455894349, 
     0.41983307695482847, 0.4211901466498117, 0.4204798293459785, 
     0.42350149412207516, 0.4283637948941947, 0.4318511547038871, 
     0.4320807850678523, 0.42837397757012946, 0.42842656235797943, 
     0.4261144082230314, 0.4324738085426766, 0.4335346214236558, 
     0.4335854043783709, 0.43487167182670294, 0.4390978938203467, 
     0.4405249949197748, 0.4427092386226586, 0.4452445424986134, 
     0.44947176209205136, 0.45293231204931517, 0.4556092775799228, 
     0.4556429486742911, 0.4612652120247878, 0.46612962180232115, 
     0.4638923215027958, 0.4695422798041399, 0.47792939363173503, 
     0.46967175131359, 0.4675650936718163, 0.47089147325223224, 
     0.46994571891404474, 0.4704403716939515, 0.46764599822986475, 
     0.4645296374494211, 0.46958193930685815, 0.47065664156324066, 
     0.46941426028413996, 0.47207794531080205, 0.4724368182256583, 
     0.4667138366749625, 0.4669744893211224, 0.4625009277359352, 
     0.46033335657549196, 0.4667853459510471, 0.467232320975617, 
     0.4687896059540596, 0.46964971019122964, 0.46996107416316285, 
     0.46384497968166305, 0.46489074404642106, 0.46334257182671745, 
     0.46264526249947047, 0.4589915451292065, 0.46104747110803773, 
     0.46104747110803773, 0.46017960400708696, 0.4594048831864729, 
     0.45406602051992473, 0.4533767425411085, 0.45311839379824487, 
     0.4569794498807514, 0.458031939719156, 0.4562328156772282, 
     0.4605305533116621, 0.4544396636888972, 0.45046947423221007, 
     0.4462789659979298, 0.4464921596401229, 0.44988512707809675, 
     0.44138517695044943, 0.44011897185661436, 0.44011897185661436, 
     0.4451434190664724, 0.4419167684944621, 0.4395704542702569, 
     0.43464488032515863, 0.43500938676290135, 0.42828330030969775, 
     0.42113670075213105, 0.41972932847450517, 0.4221703128559747, 
     0.4219365236711506, 0.4221703128559747, 0.4206978362421046, 
     0.42089346408773676, 0.4226188576479801, 0.41769402775242387, 
     0.41426938102794275, 0.4112121856878139, 0.40534759690024147, 
     0.4054559846446072, 0.3966666771411497, 0.39382367969123894, 
     0.39524430149356593, 0.3932793020150478, 0.39796150221467613, 
     0.3927373371581666, 0.3928769634301621, 0.39234229889615224, 
     0.3873359210147388, 0.38430523647444476, 0.3834127175944429, 
     0.3770539435778387, 0.37459589896555456, 0.37600910791485753, 
     0.3731860953428321, 0.3730219222245226, 0.37126977173095954, 
     0.3725171618414444, 0.37326187900072555, 0.36983212191922166, 
     0.3685363592644512, 0.3675942388487686, 0.36556514529678813, 
     0.3603283788260473, 0.35417156809847944, 0.3518383009800872, 
     0.3483433408812814, 0.3463375847136507, 0.3443301214238796, 
     0.34609798306927636, 0.34370963014411093, 0.3375568394662691, 
     0.3356571599111741, 0.3353657669132051, 0.33470114351259533, 
     0.33805970875228647, 0.3379635497507641, 0.3329757399727032, 
     0.322726262939051, 0.32163133949794515, 0.32051036608518296, 
     0.31699393247690855, 0.31769881813987016, 0.31442163744958945, 
     0.31336825389096984, 0.31276408777007647, 0.31215240091226704, 
     0.31002914960680045, 0.3064769062262713, 0.30668120861935744, 
     0.30907341718255144, 0.3129856138475534, 0.31132209848202985, 
     0.3070115213733624, 0.30369976810003424, 0.2972851635674932, 
     0.29323920333427556, 0.2920149518587956, 0.29130107177706366, 
     0.28905917428894884, 0.282795440636279, 0.28993706977208183, 
     0.2749309771313845, 0.27857131530556856, 0.2779628239650696, 
     0.2749376127809322, 0.2746830007646762, 0.27051714337778, 
     0.27254210701627674, 0.27058952291112814, 0.2683484009064828, 
     0.2664380178347794, 0.27205060349657373, 0.26825355415986846, 
     0.2678970907759372, 0.26531767059610967, 0.26215002101604257, 
     0.2583908664177922, 0.25219083042388213, 0.2513783693151677, 
     0.25211661438654964, 0.24680665567161172, 0.24875437831608013, 
     0.25308614027965687, 0.24902205047485548, 0.25104665565952383, 
     0.25167250927503815, 0.25113091887270417, 0.24966620574577822, 
     0.24409373185889513, 0.2421426348919113, 0.2419045852465401, 
     0.2449269096098091, 0.24463426648986597, 0.24243133115482363, 
     0.2373589820343037, 0.2410028924122749, 0.24238147901963214, 
     0.23462536721331528, 0.23018787560574053, 0.23608650128325115, 
     0.2362949691825348, 0.2335081299521969, 0.22831391242675353, 
     0.22635588896513104, 0.22211831021675132, 0.22334451088705382, 
     0.2251781887610086, 0.21938015216425683, 0.219226631602728, 
     0.21516833618318587, 0.21394998590987302, 0.21810047715757672, 
     0.22335806049045873, 0.2210466042170737, 0.22033610451494892, 
     0.21708734826383064, 0.214503335124607, 0.21052710121330628, 
     0.21206104674457635, 0.21670675649778454, 0.22245726159190793, 
     0.21876965420859917, 0.21768125556260431, 0.21689621403221254, 
     0.21436303922796482, 0.21556818652469473, 0.21203229144578958, 
     0.21319330515347729, 0.2101166322825613, 0.2180323638664865, 
     0.2199159081724401, 0.21612020913478758, 0.21722758029756084, 
     0.21498943182064612, 0.21946404517281548, 0.21244795480875384, 
     0.21828203906432414, 0.21822507066245908, 0.21340508230912836, 
     0.20656101630286924, 0.20303956315949934, 0.20919144041729745, 
     0.20773590857957386, 0.20827119294440186, 0.20841778951010087, 
     0.21355082650229504, 0.2122160906779959, 0.21292463330653977, 
     0.2125988691334504, 0.20643066554035988, 0.20660992999355637, 
     0.21214807910356318, 0.20813329793503343, 0.21028094211756052, 
     0.2098251573314839, 0.20999886771923973, 0.2111182590226293, 
     0.2101230156207064, 0.21031852684808783, 0.20938763413417488, 
     0.21110753737599033, 0.21796998867830247, 0.22305185504412686, 
     0.22536080971350894, 0.2262186088365948, 0.2210968829721807, 
     0.22249505921663174, 0.22275726653178984, 0.2254281754984357, 
     0.22309012143304982, 0.2253127919460213, 0.22268595753791537, 
     0.22365457162687769, 0.22380891079667514, 0.22366234168220384, 
     0.22808793317650097, 0.2291666313900036, 0.22951080414955155, 
     0.2278066265959001, 0.22764680051321334, 0.2272919628081627, 
     0.22902784330866782, 0.2257163201861339, 0.22266878883002209, 
     0.23228411421872622, 0.2330787979268285, 0.22856813586116603, 
     0.23090290359647167, 0.23261780707049026, 0.2395801390840789, 
     0.24711623006034694, 0.24576785043051644, 0.25123668489404827, 
     0.24238206308956345, 0.24927567503048476, 0.24605926815550533, 
     0.2489989669571374, 0.25170073437060164, 0.24088772692085186, 
     0.245370675238372, 0.25655504523211753, 0.2540621574103088, 
     0.2562730937578739, 0.2511631931036171, 0.25246372328549804, 
     0.25027386307893, 0.2583870363504594, 0.25370567029036, 
     0.25873572934575567, 0.25915484739352596, 0.26661663489078496, 
     0.26634877596202716, 0.26521875612676865, 0.2639772860983354, 
     0.25972797463383, 0.26704940864040466, 0.27054423825532214, 
     0.27855577885618754, 0.2836477016504023, 0.2915419352095567, 
     0.2915465197398527, 0.29182665679668157, 0.28702661413632874, 
     0.28110704813697807, 0.27226544114047563, 0.27270858534547926, 
     0.275220581032788, 0.27433378646757084, 0.282245070261226, 
     0.2838952094351498, 0.28758132862672786, 0.29054408530996645, 
     0.2998944088170244, 0.29693395672556394, 0.3002209395429866, 
     0.291915178987892, 0.2911972430855548, 0.29884194451523416, 
     0.30241858313126085, 0.3084912555426187, 0.2999877270910645, 
     0.30373573120338593, 0.30037778793409914, 0.3088168254222829, 
     0.3131835217472139, 0.30912495455407035, 0.30893992022288763, 
     0.3137893564547432, 0.3172223223513137, 0.3209420914082142, 
     0.32082300926415014, 0.31456425538234817, 0.31279035677191735, 
     0.31668572156253616, 0.31747467769050947, 0.31859125210009054, 
     0.30892225191327166, 0.31140007153288785, 0.31445260913469675, 
     0.3258188928971747, 0.32562440586256025, 0.3242734375402901, 
     0.32214501921636585, 0.3214445734793475, 0.31817022001382905, 
     0.31923981358936143, 0.3202728723023627, 0.3228223281954916, 
     0.32540401375357825, 0.3295259721614904, 0.32568028886128203, 
     0.33213242628320766, 0.3349275438841722, 0.3336239285404088, 
     0.3325731989005491, 0.33740449800519284, 0.3378387297304912, 
     0.33279611634154543, 0.3331517431601142, 0.34927077394478695, 
     0.35269464114491444, 0.34939518229807826, 0.3489756824262776, 
     0.34993863863422775, 0.3525818427468396, 0.35249690946405043, 
     0.35919998474451886, 0.35527023636269606, 0.3573514736806552, 
     0.3602226932076464, 0.36463927649674455, 0.36323563826044414, 
     0.3611638798374854, 0.36138518688228244, 0.36300531188477814, 
     0.3638426062595161, 0.3711796925462032, 0.36934018933620727, 
     0.3721190543907442, 0.3687476184207078, 0.3696109422497357, 
     0.3688818553751317, 0.3748868106100526, 0.3711109382818139, 
     0.3702453199635975, 0.3707795670635709, 0.37200739201214195, 
     0.36911946752317226, 0.37825212103201655, 0.38039434071419237, 
     0.37457528902676984, 0.37108617789523496, 0.3808306747614969, 
     0.38044130203593685, 0.3727302230171195, 0.3747170303621776, 
     0.38127567095498194, 0.3838957019016012, 0.3784752988824048, 
     0.37971372657965385, 0.381667063253902, 0.379593328828528, 
     0.3819323337536021, 0.3774586059872204, 0.3799104765204704, 
     0.3789250654697203, 0.38091409012320937, 0.38371207165642857, 
     0.38385096629405036, 0.3879290275019157, 0.39192303406164286, 
     0.39510926466996327, 0.3952099566105399, 0.39839091764005086, 
     0.3939274379862701, 0.3942301542593807, 0.398805196525456, 
     0.4029171687260611, 0.4036874365505964, 0.40311669118425864, 
     0.4030707084284409, 0.408707847124639, 0.40872090678519124, 
     0.4055052537281471, 0.40650839335411415, 0.4084955814012736, 
     0.40672880459186866, 0.4072852609888339, 0.4084588821988987, 
     0.40869635348259503, 0.40925521623247796, 0.41322153572885967, 
     0.4201233873162858, 0.42208608920501167, 0.4151719582637202, 
     0.41934060576466914, 0.4174207542098185, 0.4219308561253491, 
     0.421358271124755, 0.4184940619601934, 0.42434567833699965, 
     0.4243730624803898, 0.4263312052708855, 0.42335763682546595, 
     0.4253783931372624, 0.4267140064970783, 0.4266825837658682, 
     0.4243582266630754, 0.4267725829003104, 0.42349540059729585, 
     0.4227706162735927, 0.42428244083562744, 0.4227213822375414, 
     0.4259957775826697, 0.4299791503677463, 0.4311305537087609, 
     0.43216284785202264, 0.4262422902077903, 0.43062846275704103, 
     0.428758258688225, 0.4288967978026218, 0.4295958752797705, 
     0.42551951243312314, 0.43200268033490774, 0.435872991687737, 
     0.4313426730374059, 0.43586602781564243, 0.43749031071455435, 
     0.4378573220293414, 0.43823162783621566, 0.43232644293846545, 
     0.431447905085627, 0.4325696815432032, 0.43219748145310055, 
     0.4360755139330969, 0.4360503055652342, 0.43816041024048324, 
     0.4375195218532159, 0.43767740688997503, 0.43955503905923854, 
     0.43671092531850275, 0.4387201611710995, 0.43617896200043793, 
     0.43894439997789586, 0.43923449992410973, 0.43932214018307963, 
     0.4368660038342443, 0.4411801960886064, 0.44328815252460196, 
     0.44159936839588476, 0.4423268586911853, 0.4412027171465027, 
     0.437360038198845, 0.44033454768826896, 0.4415817713285083, 
     0.44247941576421373, 0.44262885561459053, 0.44230943454603877, 
     0.4445684001374413, 0.44379902110165403, 0.4440440661767289, 
     0.4470043217351996, 0.4474522335883287, 0.4499080308928915, 
     0.4499995469611403, 0.4477493720449597, 0.4493632418076709, 
     0.4491794913319477, 0.44883505876158597, 0.44664108123233814, 
     0.44658779069247495, 0.4483416293060921, 0.4477183415282598, 
     0.44860818534003394, 0.44881687708806395, 0.44808444553201693, 
     0.4464204416858672, 0.44527399431371156, 0.4463087397912814, 
     0.446773685391807, 0.44843300498605937, 0.44944407069198566, 
     0.4506482862498871, 0.4523083211844746, 0.45401983221530245, 
     0.45586555178354243, 0.4547277274908315, 0.45440730621565323, 
     0.45427902445829793, 0.4546039955255574, 0.45785365712963566, 
     0.4587765705596085, 0.46063450574058584, 0.45882093722084105, 
     0.46077595655193304, 0.45935377715226827, 0.46051828784591065, 
     0.45951519528842444, 0.4616964263748002, 0.4605822284252607, 
     0.46129991385195823, 0.4619245313691124, 0.4645739288563755, 
     0.46499753632617724, 0.4641857889929883, 0.46393730248539633, 
     0.4672532049244951, 0.4671754506227858, 0.4648782129779095, 
     0.46349315572581035, 0.46525674101679404, 0.4676151163273819, 
     0.4689447347184048, 0.4689447347184048, 0.4683922385784728, 
     0.47240648935289914, 0.4700273844967896, 0.46947763891928374, 
     0.46874704659010674, 0.4686092503152234, 0.46735527316718833, 
     0.466906069761716, 0.4677927639289392, 0.4678559656543086, 
     0.4678559656543086, 0.4677147075610033, 0.4683619681347222, 
     0.46834568197692883, 0.46415435177564707, 0.46436101573101407, 
     0.46545656598899754, 0.4664031410570849, 0.4664031410570849, 
     0.4662383298427609, 0.46665254894053465, 0.46826467706519015, 
     0.467514934722504, 0.46644022553739345, 0.4654393566111908, 
     0.46630049845494737, 0.46490466862713953, 0.46530226969205146, 
     0.4658029151113767, 0.4658029151113767, 0.4654174245657666, 
     0.4654174245657666, 0.46650626499260966, 0.46495459590686616, 
     0.46495459590686633, 0.46530920151824706, 0.46739095939627245, 
     0.46856768130475546, 0.46843379651391587, 0.47092429452017487, 
     0.47223380292946476, 0.47223380292946476, 0.471823487074497, 
     0.4720670089604626, 0.47078803034174976, 0.4704744404058563, 
     0.4693281603981607, 0.4693281603981607, 0.46964051049716954, 
     0.46959348028326336, 0.4698486693476759, 0.4698486693476759, 
     0.4712402680066739, 0.4677918429091518, 0.4673901988704658, 
     0.46737505674845914, 0.46737505674845914, 0.47017784953018993, 
     0.4710561240674932, 0.4710561240674932, 0.47125311795798874, 
     0.4716397196239828, 0.4747298163459949, 0.4747298163459949, 
     0.47540529130637643, 0.47507834594118936, 0.47507834594118936, 
     0.47545281305578835, 0.4757839396774034, 0.4757839396774034, 
     0.47555947138035587, 0.4761759183797832, 0.47584665802885645, 
     0.479080058406464, 0.4787756869753001, 0.47867018477611645, 
     0.4777420115634109, 0.477656960211787, 0.477656960211787, 
     0.4772457411475737, 0.4772457411475737, 0.4749857510171304, 
     0.475720828471692, 0.4766831590552228, 0.4766831590552228, 
     0.4766831590552228, 0.47547638255225366, 0.47547638255225366, 
     0.47551394827140203, 0.47297757927252765, 0.4729030410962901, 
     0.4729030410962901, 0.4707861234402614, 0.47098196706229134, 
     0.471183106252233, 0.4714072775086386, 0.4714072775086386, 
     0.47189111165240394, 0.47191935376875194, 0.47191935376875194, 
     0.47191935376875194, 0.47323361444300527, 0.4720300894385067, 
     0.4720300894385067, 0.4720300894385067, 0.4720300894385067, 
     0.4729644837513863, 0.4729644837513863, 0.47356795875635205, 
     0.47356795875635205, 0.47356795875635205, 0.4743326043845674, 
     0.47382420186308544, 0.47382420186308544, 0.47366020580740686, 
     0.47366020580740686, 0.47390556933995964, 0.47390556933995964, 
     0.47390556933995964, 0.4748296210888731, 0.47222179352661464, 
     0.4741343153256103, 0.47494627531349454, 0.47526591623392195, 
     0.475074779651358, 0.475074779651358, 0.475074779651358, 
     0.4746116563475414, 0.4784855752882098, 0.4784855752882098, 
     0.4784855752882098, 0.4784855752882098, 0.4784855752882098, 
     0.4770133263441417, 0.4773629849730234, 0.4773629849730234, 
     0.4773629849730234, 0.4773629849730234, 0.4773629849730234, 
     0.47660168213638343, 0.47660168213638343, 0.47606674428486007, 
     0.47606674428486007, 0.47606674428486007, 0.47606674428486007, 
     0.47809391738336043, 0.47891080281454024, 0.4800948528403979, 
     0.4806954772830989, 0.48094728933912917, 0.4799216291809577, 
     0.48081242541101576, 0.48081242541101576, 0.48081242541101576, 
     0.48081242541101576, 0.481338297032825, 0.48120752565584346, 
     0.48120752565584346, 0.48120752565584346, 0.4824584273310767, 
     0.4824584273310767, 0.4824584273310767, 0.4824584273310767, 
     0.4824584273310767, 0.4824584273310767, 0.4824584273310767, 
     0.4824584273310767, 0.4824584273310767, 0.4824584273310767, 
     0.4823515794486177, 0.4820663066535768, 0.4820663066535768, 
     0.4820663066535768, 0.4820663066535768, 0.48367503327263234, 
     0.48367503327263234, 0.48367503327263234, 0.48367503327263234, 
     0.48367503327263234, 0.48076041053304475, 0.48076041053304475, 
     0.4824143575874412, 0.47947258174426105, 0.4793468744551454, 
     0.4793468744551454, 0.4793468744551454, 0.4792502302492985, 
     0.47767267511716915, 0.4799538186847818, 0.4800741883688215, 
     0.4800741883688215, 0.48045093193110566, 0.48045093193110566, 
     0.4774777017631582, 0.478430658998545, 0.47818509183441427, 
     0.47818509183441427, 0.47818509183441427, 0.47818509183441427, 
     0.4794415852261434, 0.4794415852261434, 0.4776498482674402, 
     0.4776498482674402, 0.4776498482674402, 0.47844169439943063, 
     0.47793640605749205, 0.47858915934401697, 0.47858915934401697, 
     0.47809031987496825, 0.47809031987496825, 0.47809031987496825, 
     0.47809031987496825, 0.47809031987496825, 0.47809031987496825, 
     0.47809031987496825, 0.47882191258041235, 0.47882191258041235, 
     0.4786297006759546, 0.4772046462707122, 0.4772046462707122, 
     0.4772046462707122, 0.4772046462707122, 0.4772046462707122, 
     0.47653411206920765, 0.47653411206920765, 0.47653411206920765, 
     0.4760322462650495, 0.4766932567050879, 0.47805345264999394, 
     0.47892781978424204, 0.47892781978424204, 0.4775521445520834, 
     0.477912851072192, 0.47942542161856083, 0.479772545621416, 
     0.47779043012130823, 0.47779043012130823, 0.4771343990665575, 
     0.4771343990665575, 0.47563804346241206, 0.47563804346241206, 
     0.47563804346241206, 0.47563804346241206, 0.47563804346241206, 
     0.47563804346241206, 0.47563804346241206, 0.47563804346241206, 
     0.47563804346241206, 0.47563804346241206, 0.47563804346241206, 
     0.47563804346241206}
