MITN5R89 = {0.23094169408049206, 0.008876939627197591, 0.008876939627197591, 
     0.008876939627197591, 0.008876939627197591, 0.008876939627197591, 
     0.008876939627197591, 0.008876939627197591, 0.008876939627197591, 
     0.008876939627197591, 0.008876939627197591, 0.008876939627197591, 
     0.008876939627197591, 0.008876939627198191, 0.008876939627197097, 
     0.008876939627197352, 0.0088769396271973, 0.0088769396271973, 
     0.008876939627197336, 0.008876939627197428, 0.06917443308744307, 
     0.00887693962719741, 0.032079355888303004, 0.008876939627197907, 
     0.008876939627197907, 0.008876939627197907, 0.008876939627197907, 
     0.008876939627197194, 0.00887693962719755, 0.008876939627197123, 
     0.00887693962719715, 0.06381276509319497, 0.1363868007159789, 
     0.03207935588829697, 0.07432865429442877, 0.023324371387064252, 
     0.11152701891698957, 0.06129506104090828, 0.07625791104894776, 
     0.008876939627197374, 0.07432865429442471, 0.008876939627197407, 
     0.06917443308744324, 0.008876939627197454, 0.10649822777079358, 
     0.008876939627197314, 0.07432865429443064, 0.00887693962719741, 
     0.11386587733880178, 0.05308306308511094, 0.04679975531768204, 
     0.03863563132524674, 0.03863563132524972, 0.061238311360985995, 
     0.05711493439539828, 0.008876939627197608, 0.008876939627197608, 
     0.00887693962719762, 0.00887693962719762, 0.00887693962719762, 
     0.00887693962719762, 0.00887693962719762, 0.00887693962719762, 
     0.00887693962719762, 0.00887693962719762, 0.00887693962719762, 
     0.00887693962719762, 0.00887693962719762, 0.00887693962719762, 
     0.00887693962719762, 0.00887693962719762, 0.00887693962719762, 
     0.00887693962719762, 0.00887693962719762, 0.00887693962719762, 
     0.00887693962719762, 0.00887693962719762, 0.00887693962719762, 
     0.00887693962719762, 0.00887693962719762, 0.00887693962719762, 
     0.00887693962719762, 0.00887693962719762, 0.00887693962719762, 
     0.00887693962719762, 0.00887693962719762, 0.00887693962719762, 
     0.00887693962719762, 0.00887693962719762, 0.00887693962719762, 
     0.00887693962719762, 0.00887693962719762, 0.00887693962719762, 
     0.00887693962719762, 0.00887693962719762, 0.00887693962719762, 
     0.00887693962719762, 0.00887693962719762, 0.00887693962719762, 
     0.00887693962719762, 0.00887693962719762, 0.00887693962719762, 
     0.00887693962719762, 0.00887693962719762, 0.00887693962719762, 
     0.00887693962719762, 0.00887693962719762, 0.00887693962719762, 
     0.00887693962719762, 0.00887693962719762, 0.00887693962719762, 
     0.00887693962719762, 0.00887693962719762, 0.00887693962719762, 
     0.00887693962719762, 0.00887693962719762, 0.00887693962719762, 
     0.00887693962719762, 0.00887693962719762, 0.00887693962719762, 
     0.00887693962719762, 0.00887693962719762, 0.00887693962719762, 
     0.00887693962719762, 0.00887693962719762, 0.00887693962719762, 
     0.00887693962719762, 0.00887693962719762, 0.00887693962719762, 
     0.00887693962719762, 0.00887693962719762, 0.00887693962719762, 
     0.00887693962719762, 0.00887693962719762, 0.00887693962719762, 
     0.00887693962719762, 0.00887693962719762, 0.00887693962719762, 
     0.00887693962719762, 0.00887693962719762, 0.00887693962719762, 
     0.00887693962719762, 0.00887693962719762, 0.00887693962719762, 
     0.00887693962719762, 0.00887693962719762, 0.00887693962719762, 
     0.00887693962719762, 0.00887693962719762, 0.00887693962719762, 
     0.00887693962719762, 0.00887693962719762, 0.00887693962719762, 
     0.00887693962719762, 0.00887693962719762, 0.00887693962719762, 
     0.00887693962719762, 0.00887693962719762, 0.00887693962719762, 
     0.00887693962719762, 0.00887693962719762, 0.00887693962719762, 
     0.00887693962719762, 0.00887693962719762, 0.00887693962719762, 
     0.00887693962719762, 0.00887693962719762, 0.00887693962719762, 
     0.00887693962719762, 0.00887693962719762, 0.00887693962719762, 
     0.00887693962719762, 0.00887693962719762, 0.00887693962719762, 
     0.00887693962719762, 0.00887693962719762, 0.00887693962719762, 
     0.00887693962719762, 0.00887693962719762, 0.00887693962719762, 
     0.00887693962719762, 0.00887693962719762, 0.00887693962719762, 
     0.00887693962719762, 0.00887693962719762, 0.00887693962719762, 
     0.00887693962719762, 0.00887693962719762, 0.00887693962719762, 
     0.00887693962719762, 0.00887693962719762, 0.00887693962719762, 
     0.00887693962719762, 0.00887693962719762, 0.00887693962719762, 
     0.00887693962719762, 0.00887693962719762, 0.00887693962719762, 
     0.00887693962719762, 0.00887693962719762, 0.00887693962719762, 
     0.00887693962719762, 0.00887693962719762, 0.00887693962719762, 
     0.00887693962719762, 0.00887693962719762, 0.00887693962719762, 
     0.00887693962719762, 0.00887693962719762, 0.00887693962719762, 
     0.00887693962719762, 0.00887693962719762, 0.00887693962719762, 
     0.00887693962719762, 0.00887693962719762, 0.00887693962719762, 
     0.00887693962719762, 0.00887693962719762, 0.00887693962719762, 
     0.00887693962719762, 0.00887693962719762, 0.00887693962719762, 
     0.00887693962719762, 0.00887693962719762, 0.00887693962719762, 
     0.00887693962719762, 0.00887693962719762, 0.00887693962719762, 
     0.00887693962719762, 0.00887693962719762, 0.00887693962719762, 
     0.00887693962719762, 0.00887693962719762, 0.00887693962719762, 
     0.00887693962719762, 0.00887693962719762, 0.00887693962719762, 
     0.00887693962719762, 0.00887693962719762, 0.00887693962719762, 
     0.00887693962719762, 0.00887693962719762, 0.00887693962719762, 
     0.00887693962719762, 0.00887693962719762, 0.00887693962719762, 
     0.00887693962719762, 0.00887693962719762, 0.00887693962719762, 
     0.00887693962719762, 0.00887693962719762, 0.00887693962719762, 
     0.00887693962719762, 0.00887693962719762, 0.00887693962719762, 
     0.00887693962719762, 0.00887693962719762, 0.00887693962719762, 
     0.00887693962719762, 0.00887693962719762, 0.00887693962719762, 
     0.00887693962719762, 0.00887693962719762, 0.00887693962719762, 
     0.00887693962719762, 0.00887693962719762, 0.00887693962719762, 
     0.00887693962719762, 0.00887693962719762, 0.00887693962719762, 
     0.00887693962719762, 0.00887693962719762, 0.00887693962719762, 
     0.00887693962719762, 0.00887693962719762, 0.00887693962719762, 
     0.00887693962719762, 0.00887693962719762, 0.00887693962719762, 
     0.00887693962719762, 0.00887693962719762, 0.00887693962719762, 
     0.00887693962719762, 0.00887693962719762, 0.00887693962719762, 
     0.00887693962719762, 0.00887693962719762, 0.00887693962719762, 
     0.00887693962719762, 0.00887693962719762, 0.00887693962719762, 
     0.00887693962719762, 0.00887693962719762, 0.00887693962719762, 
     0.00887693962719762, 0.00887693962719762, 0.00887693962719762, 
     0.00887693962719762, 0.00887693962719762, 0.00887693962719762, 
     0.00887693962719762, 0.00887693962719762, 0.00887693962719762, 
     0.00887693962719762, 0.00887693962719762, 0.00887693962719762, 
     0.00887693962719762, 0.00887693962719762, 0.00887693962719762, 
     0.00887693962719762, 0.00887693962719762, 0.00887693962719762, 
     0.00887693962719762, 0.00887693962719762, 0.00887693962719762, 
     0.00887693962719762, 0.00887693962719762, 0.00887693962719762, 
     0.00887693962719762, 0.00887693962719762, 0.00887693962719762, 
     0.00887693962719762, 0.00887693962719762, 0.00887693962719762, 
     0.00887693962719762, 0.00887693962719762, 0.00887693962719762, 
     0.00887693962719762, 0.00887693962719762, 0.00887693962719762, 
     0.00887693962719762, 0.00887693962719762, 0.00887693962719762, 
     0.00887693962719762, 0.00887693962719762, 0.00887693962719762, 
     0.00887693962719762, 0.00887693962719762, 0.00887693962719762, 
     0.00887693962719762, 0.00887693962719762, 0.00887693962719762, 
     0.00887693962719762, 0.00887693962719762, 0.00887693962719762, 
     0.00887693962719762, 0.00887693962719762, 0.00887693962719762, 
     0.00887693962719762, 0.00887693962719762, 0.00887693962719762, 
     0.00887693962719762, 0.00887693962719762, 0.00887693962719762, 
     0.00887693962719762, 0.00887693962719762, 0.00887693962719762, 
     0.011436466488394307, 0.011436466488394307, 0.011436466488394307, 
     0.011436466488394307, 0.011436466488394307, 0.011436466488394307, 
     0.011436466488394307, 0.011436466488394307, 0.011436466488394307, 
     0.011436466488394307, 0.014025687265987704, 0.014025687265987696, 
     0.014025687265987704, 0.014025687265987704, 0.02146536019049846, 
     0.026776673374866673, 0.014025687265987675, 0.014025687265987675, 
     0.01402568726598766, 0.014025687265987644, 0.017468872623457924, 
     0.017468872623457896, 0.017468872623457875, 0.017468872623457837, 
     0.017468872623457848, 0.017468872623457785, 0.017468872623457785, 
     0.017468872623457737, 0.017468872623457737, 0.022973727559555134, 
     0.03275462080479773, 0.021767455711599625, 0.021767455711599625, 
     0.023518452611847828, 0.023518452611846204, 0.021205601461211178, 
     0.023518452611847575, 0.023518452611847575, 0.023518452611847727, 
     0.02983763936823503, 0.0343878259407742, 0.04310695560196874, 
     0.041600494431391785, 0.03211979050877049, 0.03211979050877049, 
     0.034960881471104564, 0.032119790508769376, 0.03553128405899284, 
     0.04126186137329816, 0.04395452889201061, 0.05034311202303181, 
     0.052106933038711514, 0.03935594692983315, 0.04275823768036981, 
     0.04275823768036979, 0.045647724032341436, 0.05194890750512875, 
     0.05398993850323771, 0.05490516843671958, 0.058215400455933056, 
     0.043843050613248356, 0.046155901763884295, 0.056572150086904714, 
     0.06108204799168335, 0.06250136707532443, 0.06508016184475181, 
     0.06858575272339791, 0.062391918468587194, 0.0669069960472433, 
     0.0722421518618542, 0.07442233998602593, 0.0769127753540856, 
     0.0833453006517764, 0.074358604536299, 0.07769463064284157, 
     0.07973566164095275, 0.08124212281153105, 0.08340455047246642, 
     0.08522036395593495, 0.08057235594478514, 0.07973566164095372, 
     0.07864556757886662, 0.08384776055491606, 0.11093018844190305, 
     0.10527951843296836, 0.11134721860188677, 0.1284884999518193, 
     0.13023215816920583, 0.14036214840651498, 0.13125335276500769, 
     0.13542665277889282, 0.13075602928666177, 0.13557982876348088, 
     0.14891800469264932, 0.13862352175937398, 0.13698257240450928, 
     0.14889779154662522, 0.14528575020074608, 0.1389690225237076, 
     0.14079618512462042, 0.15125587609369553, 0.17999624830620264, 
     0.1744987218757892, 0.17774248758547598, 0.1846236794199581, 
     0.19755540657259302, 0.19546505284777838, 0.2017855221295263, 
     0.2014847189277712, 0.1997539351735476, 0.2098979442693858, 
     0.21591948301861855, 0.22430271350462577, 0.2179253967372437, 
     0.212210087587706, 0.22030416925078128, 0.2148678623254436, 
     0.21712828835761885, 0.21704085629331646, 0.20807468739011042, 
     0.23721387751362782, 0.24739578285622363, 0.24836181051440057, 
     0.25298925232991837, 0.25198659033212983, 0.24277423236336532, 
     0.23547857447252357, 0.2401778347494682, 0.23977975782470337, 
     0.24305004001095984, 0.23393889531940198, 0.2522731250592926, 
     0.23030229013342157, 0.22890707125132936, 0.23234194150707188, 
     0.23520920422881106, 0.23455766466382588, 0.24047155820273156, 
     0.23906232046210582, 0.23902568612249506, 0.24222255510298932, 
     0.25492147432911716, 0.2544402006080276, 0.25275335338016913, 
     0.24947670748701153, 0.26980211679666644, 0.27504808503113165, 
     0.27579641993359527, 0.27579641993359505, 0.26965700906795154, 
     0.2690101250883162, 0.2719634896851744, 0.27120113592417927, 
     0.2755895498895741, 0.2719634896851685, 0.2716028891509673, 
     0.25498520340637343, 0.2810109765425486, 0.2781698855802149, 
     0.2691451418498795, 0.27230537649075337, 0.2766742986213515, 
     0.2809246273243114, 0.2831048154484829, 0.27885448674552255, 
     0.28420711702988605, 0.29574588772642424, 0.30111857261199687, 
     0.299906490045283, 0.2989797535510955, 0.2936901285107435, 
     0.2978896594889999, 0.29831885071292374, 0.28682138732695506, 
     0.30804759260150905, 0.3078488751944793, 0.30500778423214736, 
     0.3058643111901868, 0.31519364447343684, 0.30631462793016256, 
     0.3038152961274505, 0.3045636310299015, 0.30806562483039707, 
     0.3037158735857459, 0.30730529945054164, 0.30312454045022297, 
     0.2902286399794233, 0.2968676353738513, 0.29827687311448015, 
     0.3014893009238056, 0.3115104193884167, 0.31039418159340776, 
     0.29810427033614634, 0.301583648655561, 0.3008823801114963, 
     0.29884363919363655, 0.308062046923353, 0.31843591441544283, 
     0.32881729376857677, 0.32512351074485063, 0.3231174211940277, 
     0.3215494569474281, 0.3208885541092674, 0.31988589211148216, 
     0.3201176037257222, 0.31450883500682536, 0.3119832832019577, 
     0.3141447707264114, 0.3149212185284271, 0.3170139745882963, 
     0.3155173047833679, 0.31622900534622456, 0.3133879143838906, 
     0.3135994128521021, 0.3102416986015421, 0.30427161990911566, 
     0.3095061861932834, 0.31386656244162675, 0.3095288016743644, 
     0.30882157540800176, 0.3117025940941607, 0.31201911763921913, 
     0.3112139352511204, 0.31067469648181323, 0.31165474299851764, 
     0.311496444590055, 0.3023768782749472, 0.308754195042332, 
     0.30029684679534635, 0.314236159974508, 0.31669154905114544, 
     0.31344752249220087, 0.321736775985837, 0.32395748536720653, 
     0.32834902438685576, 0.33898253937933936, 0.3433093012335165, 
     0.3357914816449705, 0.33320401269980515, 0.33343572431404467, 
     0.32967940341822516, 0.32967940341822505}
