MITN4R89Cou = {0.6918803185157589, 0.6872955048606699, 0.6878231358319139, 
     0.6239453106707138, 0.605628511160459, 0.576356947194946, 
     0.5673956372427374, 0.5591235644622128, 0.5399677721355902, 
     0.5299541665011002, 0.5145101849334051, 0.51102882875541, 
     0.503381194825112, 0.48353457924103727, 0.4768867606329396, 
     0.47724907729455607, 0.4588320090476209, 0.46086642128831456, 
     0.4501885460457745, 0.44819600524932585, 0.4446005286296902, 
     0.4285359929976084, 0.4234736337740908, 0.42232716106704465, 
     0.41963060713792316, 0.4157318696687055, 0.4133286833777431, 
     0.3975644376179921, 0.39229972922822076, 0.38815019326727335, 
     0.377319234763862, 0.38325807728081207, 0.37208181062608553, 
     0.3772081902911562, 0.37648073693957806, 0.36175352458359145, 
     0.36138044332859826, 0.3567135786297942, 0.3606851112837209, 
     0.3576925082442862, 0.35224451253219247, 0.35755660984822296, 
     0.35153070477539244, 0.3455031119155619, 0.34102982965410195, 
     0.333272620125947, 0.3372023656777945, 0.3279256441044218, 
     0.333559489395213, 0.32481458454534934, 0.3365600344542276, 
     0.32225880454227546, 0.3259475647688176, 0.3197977487402239, 
     0.3111946756146196, 0.3216299245528187, 0.3139339888207852, 
     0.31296779015735654, 0.3042830712672935, 0.3064635362318215, 
     0.3053499445181857, 0.30854816634308424, 0.30251045632854723, 
     0.29153694466656926, 0.2968734474129044, 0.3007677318836017, 
     0.2860277542767229, 0.28951620943837014, 0.2895057201169058, 
     0.2811360049810814, 0.27841515730349486, 0.2838581482244112, 
     0.2755452570486446, 0.28011089577204107, 0.27694679582592097, 
     0.2831697894482326, 0.2758228194768465, 0.27642816342507287, 
     0.27490013837420396, 0.27665561329498695, 0.260825207841963, 
     0.2617904823766937, 0.2645576902303525, 0.25347285392515057, 
     0.25659513570748205, 0.2552295454172664, 0.2578152272436361, 
     0.2601660847129577, 0.25579723399495363, 0.25170804923028706, 
     0.24851122380063645, 0.25200721622350275, 0.24489517647651426, 
     0.23797747096229396, 0.24714647872961923, 0.24650043805723015, 
     0.24561678836442505, 0.24701989925797438, 0.2443137995507055, 
     0.2490427344820114, 0.2525799630808709, 0.24868019344049208, 
     0.2444043711211949, 0.23689263725414955, 0.23198266932357325, 
     0.23164560039329554, 0.22821797308069136, 0.2354726332751221, 
     0.23495670225134344, 0.22877770332806055, 0.22946219316136826, 
     0.23306618388041211, 0.23080946396849267, 0.22279112099437248, 
     0.23244308458993082, 0.23539831363384875, 0.22985780007346562, 
     0.23131098591510013, 0.22527607095789656, 0.22433512909155628, 
     0.22220810549238007, 0.2197165251782624, 0.21879564127361117, 
     0.2159378807266303, 0.2171109284311886, 0.21276168977645837, 
     0.21681923691204902, 0.21928680606795456, 0.22118362704242853, 
     0.21305976104504107, 0.2083457005423687, 0.21794143551777959, 
     0.2158589961718669, 0.22428557227590978, 0.21304466982430667, 
     0.22127388383728097, 0.2158835399708903, 0.21477968315404536, 
     0.21539603942939278, 0.21979590962939466, 0.21406700953210916, 
     0.2138984415068944, 0.21342096215536283, 0.21103386915108727, 
     0.21858325502977308, 0.21602232630390825, 0.21269184196057814, 
     0.21082443549937852, 0.21184634990319276, 0.20821207226344648, 
     0.20740635366542437, 0.20912724746784353, 0.20461504458361665, 
     0.20470795716818738, 0.20643621929886408, 0.20583710088058388, 
     0.21186459514631908, 0.21933697077628342, 0.2136691773064714, 
     0.21208866657911107, 0.20844052636916038, 0.2189041566686115, 
     0.20436560546281338, 0.21401658800478465, 0.21445163922169358, 
     0.21135532099162987, 0.20520595078451317, 0.2031766285428499, 
     0.20963311437172125, 0.2091868375920552, 0.204512678997429, 
     0.20550747992998328, 0.20826327525980565, 0.20231558522401738, 
     0.19632663036020154, 0.20336940677876758, 0.19987505423776897, 
     0.20459846680688923, 0.19878687305803364, 0.19456887523614086, 
     0.1993653409301778, 0.198122441970205, 0.20616917268086504, 
     0.20418418466760793, 0.19822891445417212, 0.20543991529789205, 
     0.1990528690632175, 0.20391807286487282, 0.20767205493296978, 
     0.20934410955323615, 0.21634841756660694, 0.21829450547268678, 
     0.21185958898935986, 0.20683637068877656, 0.20919190279997635, 
     0.21428169179118284, 0.21401932145645625, 0.2201387290226467, 
     0.21370871402182057, 0.21416132127927517, 0.20885906331919502, 
     0.20870409917758065, 0.2149486723059906, 0.21584490788844105, 
     0.2205779238504149, 0.22009023728949348, 0.21778587667054897, 
     0.2129293428848684, 0.2210489737770808, 0.22107527834896437, 
     0.2314856209128725, 0.2298680931985241, 0.2272019455462896, 
     0.22427461774822266, 0.22369114102973767, 0.23008357108054536, 
     0.23539261866257222, 0.2362541625722323, 0.24219346644717504, 
     0.2409016215971066, 0.24644819033348964, 0.25162714812747566, 
     0.25032143626558345, 0.2439081087260266, 0.24280200621816148, 
     0.24487728101047448, 0.24416912762389634, 0.23923180687719584, 
     0.24342634672566552, 0.244148081598255, 0.2424490865588273, 
     0.24683757640260573, 0.24884975860062755, 0.25228306973947284, 
     0.25005733780487704, 0.25295800154990306, 0.2563845391877759, 
     0.25409867678941117, 0.2563880524196792, 0.2600275548527184, 
     0.2550245300895458, 0.25938038504188493, 0.2661156378472077, 
     0.25997406557365416, 0.26134075624283976, 0.2672318442323104, 
     0.2722248163814367, 0.2739016525775663, 0.28116780693869153, 
     0.27338755508511525, 0.27814515644531995, 0.28158484145085755, 
     0.2858137149098381, 0.2755338644269187, 0.2837547928105251, 
     0.2798269779514133, 0.2832242631880031, 0.28697293236678767, 
     0.2915336025270353, 0.28847976293475047, 0.29379352308847945, 
     0.30020662221014904, 0.3034501273123626, 0.3000979662555841, 
     0.2993981898666167, 0.2941984407187866, 0.2933140718962931, 
     0.29408400782748473, 0.2985168620632439, 0.2999212115463334, 
     0.2996145249349924, 0.3013037380039079, 0.299895774031229, 
     0.3082973210932329, 0.3064168389548595, 0.30173153903894184, 
     0.3104460533025198, 0.30215425078356695, 0.31132969644740216, 
     0.3127947921203883, 0.3159957132764793, 0.3152250425571154, 
     0.31967412577865434, 0.32884535707243406, 0.3324899794197997, 
     0.33155631227057053, 0.3318227083385754, 0.3300956569733385, 
     0.3326407511502992, 0.32935851539272615, 0.32643554063767116, 
     0.3279452864802484, 0.328134243094582, 0.3240728166342862, 
     0.3338877676615292, 0.3258256526835356, 0.32915629234903165, 
     0.32492358379859926, 0.3256831370864605, 0.32670165196304934, 
     0.3213923983514533, 0.3255837193878452, 0.33261545268534576, 
     0.33237391548231754, 0.3272584630778607, 0.33207068516501026, 
     0.33766821154666327, 0.330297299379227, 0.3306334804710047, 
     0.338372322594322, 0.34245114968738977, 0.34457250961850316, 
     0.3415310063167751, 0.33290220801347614, 0.33585367844789676, 
     0.3384521339757514, 0.3484654832464889, 0.34805306399640823, 
     0.34201905353602463, 0.3477710684468539, 0.3483270370272992, 
     0.35568358769697284, 0.35618343245096296, 0.3502011623039111, 
     0.3562947939594321, 0.350252310970989, 0.35601539661437603, 
     0.3543891743032942, 0.35634975864526985, 0.35883909135226366, 
     0.3567252761356054, 0.36264229315099955, 0.35937717314216533, 
     0.3639182694995337, 0.36501431634991677, 0.3638447744250374, 
     0.36263644956034996, 0.36122254529653136, 0.368209387383177, 
     0.36217025155495514, 0.3650346962483623, 0.3681028710578355, 
     0.3673164222291239, 0.3695110176022111, 0.3709695870933792, 
     0.36850842750915525, 0.372507247100621, 0.3660278456319509, 
     0.37440354082319605, 0.38140504575584533, 0.37531120907096405, 
     0.3768995504816429, 0.38099976551679043, 0.37472085590957, 
     0.3662502729015307, 0.36607457486531525, 0.36956620632625936, 
     0.3604226351276772, 0.37040409427050314, 0.3708914586408082, 
     0.3707648278877857, 0.3710616867012207, 0.370215000848699, 
     0.37247740152008557, 0.3766846694341856, 0.3678579296679069, 
     0.3726388219244051, 0.37602278226905866, 0.37452116717260686, 
     0.38237212679916716, 0.3807353946054511, 0.3809118194577984, 
     0.3807208233364171, 0.3895410174919876, 0.38968193788247363, 
     0.38641985358692227, 0.3953462273588038, 0.39828105750933956, 
     0.39875356263214345, 0.396820827293582, 0.39960118845425857, 
     0.3929463947702408, 0.39227128695766705, 0.38978476022078307, 
     0.39368958177943825, 0.3913610044421435, 0.3889186055937364, 
     0.39852505569875873, 0.39765316928997035, 0.39909830586559336, 
     0.39081257873569936, 0.40011278599900896, 0.39054730953645694, 
     0.3903157705671054, 0.3893020338386647, 0.38939536910666966, 
     0.39140019521949027, 0.3847266320849463, 0.3781841450109554, 
     0.38723180451518474, 0.3900148668692377, 0.386387799051871, 
     0.3848652453136985, 0.38517952030784, 0.38501003820492485, 
     0.38824471343405476, 0.38959814895409095, 0.3921839535675168, 
     0.3997597045059432, 0.38969898314937024, 0.40126573286029604, 
     0.3984122433730314, 0.4026654750893502, 0.40350070740918276, 
     0.40227586476126304, 0.4029743694115706, 0.4013228618537028, 
     0.40379376629612057, 0.4133537840133916, 0.40194588128161024, 
     0.4094961032321978, 0.40618706114531095, 0.40270786643397316, 
     0.41126963486638834, 0.4118067360672558, 0.4081584289912051, 
     0.40371029932956376, 0.399036722450249, 0.4018248349546898, 
     0.400083630847362, 0.3952919621035028, 0.4034356204247028, 
     0.40231758968024045, 0.40832775344919203, 0.4127959680508278, 
     0.40489523422789264, 0.399058364058998, 0.4052119872811484, 
     0.39846964480466074, 0.40672332778208503, 0.40706822182437213, 
     0.406136692481766, 0.405983713856163, 0.40916675709101086, 
     0.4094654747390151, 0.40906620637076907, 0.41514967751511545, 
     0.41584412718826386, 0.4163258372641552, 0.4169893052740836, 
     0.4139564857218747, 0.4145884095314116, 0.40748390900024734, 
     0.4169898363862344, 0.40966549850520256, 0.4113410561637408, 
     0.40793380673006685, 0.41502002790228143, 0.41643999751068494, 
     0.4104278956996379, 0.40448699852796416, 0.41114246794553666, 
     0.41778083023540696, 0.40895375063262646, 0.4076818397717398, 
     0.4094046469071852, 0.40432719178144316, 0.4082270039170091, 
     0.4037653143584599, 0.41092858689197403, 0.40291015929485613, 
     0.40780579164307434, 0.40889117333639546, 0.4050114579525935, 
     0.4138765188242184, 0.4128253376971689, 0.41315418091860684, 
     0.41170286229297304, 0.41057619106685744, 0.4151593993389058, 
     0.41035421121545645, 0.401091775685166, 0.40505142971408664, 
     0.4078074078682019, 0.40241715835876246, 0.40572852076081, 
     0.3981567877411042, 0.40251651178247627, 0.40445731556018777, 
     0.39859625339848676, 0.4027989078572379, 0.41072135379696506, 
     0.40548980210678753, 0.40970000861665534, 0.404892711094647, 
     0.4113482232327043, 0.4114669713856816, 0.41019505882945617, 
     0.41423971020084693, 0.4197855173162215, 0.4133953416406481, 
     0.40756156329937937, 0.4099820098089706, 0.4089843338641553, 
     0.4092800900428502, 0.40622376951596556, 0.4025104560808168, 
     0.4004189011884743, 0.4055979579826691, 0.4021313973542539, 
     0.4041133169059842, 0.4037364229099425, 0.4053924753956907, 
     0.40505954581622555, 0.4049840221616035, 0.40469830575365934, 
     0.4051515411776617, 0.4062142535575483, 0.40213266022238586, 
     0.4059867819011031, 0.40440472262461785, 0.40289706028651245, 
     0.39785449273655965, 0.39974609178866455, 0.3979681745499511, 
     0.4026755208481034, 0.4044051175908151, 0.4065648324780539, 
     0.4047337796040493, 0.40399464014056746, 0.4063785591847365, 
     0.40125839294824844, 0.39912217795632776, 0.4010488254353095, 
     0.40587670945219595, 0.40079556193419646, 0.40097006224641546, 
     0.399696965282472, 0.39955221635149235, 0.40084079847378884, 
     0.404092835753523, 0.40291662388515137, 0.40363718999260206, 
     0.40091992393497516, 0.4042029807913134, 0.4061261886151389, 
     0.4000842258678778, 0.40220766417154874, 0.4030293400165083, 
     0.40301759556641964, 0.40632140671013367, 0.4024047800446828, 
     0.40239739417686865, 0.4010423951602754, 0.4062207693887799, 
     0.4123481888574332, 0.4079810673904926, 0.409674934203717, 
     0.40449975511593084, 0.4079456541868734, 0.41200981102068795, 
     0.4066891380691892, 0.40619006764921006, 0.40512765991690586, 
     0.4086454496926781, 0.4056226867396578, 0.40367587774894137, 
     0.4066976595299156, 0.40121356528242486, 0.4082967564081884, 
     0.40359051509165306, 0.4070060428457912, 0.4083784539937256, 
     0.40743376197735104, 0.4102772877314764, 0.4108596162958652, 
     0.4041912859941301, 0.4115376760178095, 0.4098935343576887, 
     0.4145494858465087, 0.4157225979612681, 0.4143243115083987, 
     0.40956758104380553, 0.4065511106232031, 0.4064067143473701, 
     0.40378649092726726, 0.3993418985513804, 0.40151607044640325, 
     0.3994787933006376, 0.3995307199295795, 0.40409646638210134, 
     0.4044047246613547, 0.4071222741733526, 0.406971020157, 
     0.4095280700648102, 0.409999269258108, 0.40579378817470213, 
     0.40503847424485456, 0.40391513820656194, 0.4047706240973725, 
     0.4055695929313274, 0.40745488721756634, 0.4096287782376016, 
     0.4130648761713247, 0.41660015159286884, 0.4132535826344493, 
     0.4128598716720184, 0.41515471443578195, 0.41454295198490876, 
     0.41580709894565143, 0.41607883598332807, 0.4150855954294816, 
     0.4153066571067867, 0.4182958526995682, 0.41884388089136343, 
     0.42070681107743046, 0.42164157926192325, 0.4189707790534513, 
     0.4200940189061415, 0.41998175886377515, 0.4198046440817017, 
     0.42158635139432066, 0.42320818997146153, 0.42040682234924825, 
     0.42123233795503057, 0.42379892392252233, 0.4238284305050085, 
     0.42213216734395653, 0.4191550326023445, 0.4183507376192896, 
     0.4169094726332644, 0.41769553196919174, 0.41639204346267167, 
     0.41815318850720484, 0.4197616138743884, 0.4195522291526148, 
     0.42150070566254805, 0.41788986548419627, 0.42035861270824015, 
     0.4274617121894526, 0.4271141447680951, 0.4257150136004824, 
     0.4224377107166766, 0.4209169198081911, 0.4229618836939617, 
     0.4166103321481131, 0.41579712308617267, 0.41766530856821577, 
     0.4179452747929035, 0.41891613086778495, 0.4195948075118309, 
     0.41962185552019293, 0.41947234245260095, 0.4172041430595005, 
     0.4147346583364621, 0.4165969389020907, 0.41554452711619894, 
     0.417655785908071, 0.42370388922540203, 0.42090240409569746, 
     0.4226252080928416, 0.4209289249104426, 0.4235795456923537, 
     0.4237149665811349, 0.4239605038143344, 0.4229578418165507, 
     0.42133641079901785, 0.420936601332281, 0.41890166765740794, 
     0.4209379842479151, 0.42371454223609156, 0.4232403001094747, 
     0.4197978652576803, 0.41970311000162996, 0.41842600340968705, 
     0.41681790981193223, 0.4190491915163508, 0.4203875158234034, 
     0.42182080858500226, 0.42458358960349946, 0.42561938963839174, 
     0.4262855416615256, 0.42663115749080993, 0.42454583957626724, 
     0.4279139993361917, 0.42983777259492717, 0.4287049644438516, 
     0.4288665509308027, 0.4316171849483646, 0.4287363625026739, 
     0.4286852063223296, 0.4281035928158459, 0.43091388545748127, 
     0.42635283788572476, 0.430032720695294, 0.42707718883539925, 
     0.42462236427611477, 0.4304204947720306, 0.4294166316067196, 
     0.4268488747490288, 0.43042529118510386, 0.43219979097147737, 
     0.429116042478564, 0.4288724323700032, 0.4311934012071977, 
     0.43013480285781136, 0.4317489511249291, 0.4291170542932308, 
     0.43006286880538064, 0.42904484225498246, 0.4320077133953776, 
     0.4309859698389702, 0.4312927390701272, 0.43369762937927375, 
     0.4353768017119168, 0.4329869234372103, 0.43190646484749917, 
     0.43313141747693173, 0.4308204682176419, 0.43121494629685164, 
     0.43257036143231353, 0.43229213850689063, 0.4356807446741696, 
     0.43745825385084436, 0.4344494734904846, 0.43570734947473827, 
     0.43541065698878845, 0.43765738610678007, 0.43414279392880983, 
     0.4326737159141626, 0.43538606111509826, 0.43494662945044016, 
     0.43240801362986914, 0.4331367895300209, 0.4318198072732415, 
     0.4334474901203055, 0.4342510309391918, 0.4325273580795667, 
     0.4345046659140765, 0.4356453439588263, 0.4364202318017523, 
     0.4340749471856381, 0.43963116673017316, 0.44044728908870034, 
     0.44537658784348055, 0.43843773058819435, 0.4379867362287689, 
     0.4397776600470009, 0.43862531953015854, 0.44422798737051356, 
     0.44205432105901826, 0.4393030818941731, 0.4393373861620059, 
     0.4438114322077491, 0.44178380649358473, 0.44304801875798255, 
     0.43992004198877827, 0.43890599306895856, 0.43798140584329087, 
     0.43904995188880863, 0.4401508634331618, 0.44181676273999565, 
     0.4418181053862735, 0.4419519727497509, 0.44187985563072874, 
     0.43978168947265145, 0.4435551986340234, 0.4429524167123035, 
     0.4443615030081543, 0.44365778506903736, 0.44507892792175147, 
     0.44215507242138435, 0.4429679151241382, 0.4421404310174426, 
     0.4419765068592673, 0.4387004955927696, 0.4399485956833262, 
     0.4427713056398743, 0.4416186384158356, 0.4442813929035967, 
     0.44574354469866045, 0.4467321600807459, 0.44704631217803986, 
     0.44662595409632183, 0.44599141334111236, 0.4473980707463467, 
     0.44531487021807153, 0.4478869310915675, 0.4465414710843437, 
     0.44917697394491607, 0.4485666628651534, 0.4492739152106839, 
     0.4473683920600396, 0.44738090788632273, 0.44674473427568057, 
     0.44302926196354875, 0.4431047166524822, 0.44864398347073714, 
     0.45037977214885183, 0.452954331899449, 0.4502542734372523, 
     0.44934214064752126, 0.4488220412851375, 0.4465740116972757, 
     0.4454802709212265, 0.4463317053795446, 0.4489747193606455, 
     0.44811379384414923, 0.44941626326793066, 0.4490743542022605, 
     0.4476850881084563, 0.4495061850401741, 0.44855213475736705, 
     0.45009716220737445, 0.4524271091320871, 0.45499277244803155, 
     0.4548399922678091, 0.4509633835505824, 0.45222442854985545, 
     0.4517990719686766, 0.45296243470997793, 0.45464801123102505, 
     0.45811668560587854, 0.45770338589554915, 0.4569101337934067, 
     0.45678417141327454, 0.4541593660728301, 0.45476787861351736, 
     0.4548898312709886, 0.45782416255935976, 0.45803883043460253, 
     0.4612506668401272, 0.45691103527051047, 0.4551412575319253, 
     0.45495402364232523, 0.45503310498239, 0.45245853626095994, 
     0.45592897817865224, 0.45374417653584015, 0.45606362905275516, 
     0.45875304501012454, 0.4593714988225107, 0.4593030851611408, 
     0.45678233904487453, 0.4551558846066411, 0.45701316227369426, 
     0.4570321742521937, 0.460375869644227, 0.4539411074886108, 
     0.45536922227890825, 0.4587749368266624, 0.45944331276262046, 
     0.4601540284832864, 0.4611678295557491, 0.46192251404162793, 
     0.4629188362449766, 0.4619351845097338, 0.45970856923542625, 
     0.4579747354268676, 0.4536187603064375, 0.4556191634453119, 
     0.45644271009262716, 0.458988185436413, 0.45632107119764015, 
     0.4568743288254737, 0.4582765571368366, 0.45915604013575373, 
     0.4577666295153893, 0.46270787199262137, 0.4597833335147781, 
     0.45935294112332736, 0.4629750890422195, 0.46107416320718136, 
     0.45948675776340125, 0.46090540726834506, 0.45775723439778976, 
     0.4553251215133537, 0.45469490022650216, 0.45296236502261944, 
     0.45354985465500564, 0.4541639443172663, 0.460527314489403, 
     0.4583907701341019, 0.4561599036379291, 0.4587619127048641, 
     0.46111305267212704, 0.4584110778789981, 0.4582546031834782, 
     0.45499214018875833, 0.45301884343859017, 0.453720120907673, 
     0.45426524020199643, 0.46031820697236836, 0.4588071322831492, 
     0.45522289213467265, 0.458097592556144, 0.4582446554873463, 
     0.4616112751433915, 0.46035150266902186, 0.4600635661145645, 
     0.45913723447796917, 0.4623271662924672, 0.45550927829734017, 
     0.45503953147746357, 0.4574432206190829, 0.4553389346493435, 
     0.4531871450941215, 0.456641124551188, 0.45355123260829294, 
     0.4556009054693372, 0.4606282814061947, 0.4587494513234595, 
     0.45538902595491487, 0.4564489699983897, 0.45938685769993065, 
     0.45853150013255184, 0.45829858735078616, 0.4581289812017831, 
     0.4583025718995796, 0.4586799864006104, 0.4565888537998992, 
     0.45456058362477436, 0.45534353655755594, 0.4563431736748702, 
     0.45346323222989865, 0.45536950265813847, 0.454856863918706, 
     0.45420146055934985, 0.45294749634671544, 0.4514174392519781, 
     0.45223285159396814, 0.45318041755577976, 0.44607075298396287, 
     0.448635205166354, 0.449644333229481, 0.4504588380985321, 
     0.4517677538205778, 0.4524253189796399, 0.45758718310078417, 
     0.4572617248016764, 0.458561203585536, 0.45728311394136256, 
     0.4553113271416521, 0.4511185155591541, 0.4536764998110084, 
     0.4515128051436979, 0.4501778209244784, 0.45007167523538016, 
     0.44868725773498824, 0.4534502974406604, 0.4527697788280203, 
     0.45294308591675275, 0.4456625417651248, 0.45062186529244336, 
     0.44777879428668527, 0.44584621386206646, 0.44489987424164984, 
     0.4451092029031773, 0.4417766653456366, 0.4437753609581514, 
     0.44545020836077026, 0.4453635128811801, 0.4481507089750693, 
     0.4454363178918625, 0.4502094641705481, 0.4473385217294276, 
     0.45017464914477007, 0.45214763068757396, 0.44975298707888733, 
     0.4477054619811815, 0.44653131660760637, 0.44306287082651424, 
     0.44275858534175555, 0.4421673947696398, 0.4457226138037517, 
     0.4451357215429126, 0.44839975697277, 0.44838689219235806, 
     0.4456271112701065, 0.4461972671300009, 0.4401169422286108, 
     0.44017971292956043, 0.4449342638088673, 0.44378604883033995, 
     0.44547184312160204, 0.4454667044946946, 0.44836350963930155, 
     0.4374213275846265, 0.44395946444821893, 0.4391888902050164, 
     0.4368987662915378, 0.43784921209138794, 0.4406233489950749, 
     0.4442586690324307, 0.4438890428365591, 0.43981139225248383, 
     0.43968024415603113, 0.43636751936843066, 0.4422092731323685, 
     0.4475417282447065, 0.4490451645348146, 0.4448303412672148, 
     0.44057615274764383, 0.44184979417449044, 0.44380770762261007, 
     0.4446553797014637, 0.44051939685516445, 0.43974542159114927, 
     0.44100777148048975, 0.44652864446654617, 0.45108950328950004, 
     0.45659323903402216, 0.4437279134929146, 0.44591593058722545, 
     0.449071629372336, 0.4477640898977341, 0.4417457205555301, 
     0.4457205493488203, 0.4473171852999868, 0.44968846614999614, 
     0.45008560495465294, 0.4481821857718448, 0.4465728349463154, 
     0.4486102771999978, 0.44188866523492404, 0.44075362879929225, 
     0.4441606451744098, 0.44570797900101766, 0.45217307786105293, 
     0.45352645151335735, 0.4536918380387961, 0.45026211771628344, 
     0.4555729155709849, 0.45385519743139796, 0.4527784318182562, 
     0.4505124602628089, 0.4486247499484549, 0.4391487408744349, 
     0.4378829129266155, 0.44010661111664356, 0.44135503447356955, 
     0.44384991114074035, 0.4422841966519756, 0.43956334642164135, 
     0.43774085491930687, 0.4370397407262198, 0.4397271429576051, 
     0.44050402230688235, 0.44538527451019577, 0.4436476990969261, 
     0.44472241240336313, 0.44001446244060566, 0.4387082312177992, 
     0.4388950978956384, 0.43793713092820474, 0.44038141378435774, 
     0.44143738305764046, 0.43990107480738905, 0.4394408353362641, 
     0.4389578937704567, 0.4390495770566231, 0.4403614310455364, 
     0.4433025288190884, 0.44062276757011865, 0.43962144484198984, 
     0.4404958261917879, 0.4417201816971121, 0.44654087068753384, 
     0.44316061035878573, 0.4462670223944954, 0.4442285482092094, 
     0.4454608242778275, 0.4406137957453455, 0.44132256148216087, 
     0.4418185192731556, 0.4414933863424227, 0.4437203153792151, 
     0.4444208729889537, 0.4442304912748459, 0.44457452649861484, 
     0.44295790854158407, 0.441801847846348, 0.4401901333478782, 
     0.43565384035814897, 0.436306581647704, 0.4396428893604454, 
     0.441556555243714, 0.44292970200865245, 0.4455363800173632, 
     0.44427306143049927, 0.44322896334993284, 0.44829711013385876, 
     0.44869074140090287, 0.4473710332679826, 0.45127311849032437, 
     0.445971588337886, 0.4467227921043253, 0.4427840617188281, 
     0.4439308455847637, 0.4428600361365416, 0.4409164553094325, 
     0.446472094880552, 0.44021251249838017, 0.4414045301226604, 
     0.43971466712155527, 0.4384763089607407, 0.4407608155500547, 
     0.43391496799453616, 0.4343225743687007, 0.4332470356108464, 
     0.4357129786146658, 0.432272146465904, 0.4316241776878281, 
     0.43388266771818107, 0.4341271494843185, 0.43216488836250966, 
     0.4323957552620036, 0.43248730179041933, 0.4331943918893714, 
     0.4313700355007784, 0.42881263140976444, 0.4273115962334802, 
     0.4309172994702937, 0.4330861931965719, 0.43281017850077186, 
     0.42939440867883594, 0.4304055159278659, 0.4301081502109588, 
     0.4272532781417515, 0.4349250947362829, 0.4320851509980536, 
     0.4317866134612709, 0.43031583514878474, 0.4310078186154153, 
     0.4317044462690106, 0.43165710782013517, 0.4310064315661689, 
     0.4309687470323783, 0.4306021328457598, 0.43167367403405954, 
     0.43374507533714574, 0.4310701712544874, 0.43057150100578245, 
     0.4282661178636522, 0.42763444127476097, 0.4266720294325908, 
     0.4268108152199136, 0.429896606218038, 0.4324745056146797, 
     0.43218615773537145, 0.4295085101854538, 0.4306648439402875, 
     0.4299627346207791, 0.4265426244241245, 0.42507436673437865, 
     0.42568337706194503, 0.42469122681758253, 0.4266899450575648, 
     0.4283425526802518, 0.4271735509131386, 0.4269087660056026, 
     0.42717157844004255, 0.4247615275884426, 0.42171362128036377, 
     0.42213232608384055, 0.4221003608306637, 0.4209824048750546, 
     0.42175935860135827, 0.4201590944196414, 0.420666467350855, 
     0.4209759511810516, 0.4224925899496461, 0.42131673134247494, 
     0.41913395551037813, 0.41985976652491563, 0.419481526933393, 
     0.4203044588551236, 0.4207118868210963, 0.4211586950065313, 
     0.4200810621930391, 0.41922871768464237, 0.4189628709329371, 
     0.42125363171075936, 0.42114723610448657, 0.4199617548147055, 
     0.42044363345186947, 0.42128084359925866, 0.4196261193339867, 
     0.4196354743004972, 0.4192621475295497, 0.41785395548349047, 
     0.41802118813119854, 0.41675191845129034, 0.41602177847759847, 
     0.4155884722565508, 0.4149857206030922, 0.41613230622229835, 
     0.4170833245548302, 0.4177061607456948, 0.4178646333966616, 
     0.4183669104379592, 0.4172933323359102, 0.4168296434628356, 
     0.41756237774465027, 0.4178142462478035, 0.41765059546543465, 
     0.4166573872567535, 0.4201784427877377, 0.4197711094420129, 
     0.4211821138893873, 0.4203602824288035, 0.4193904748960198, 
     0.4193904748960198, 0.4198188095749801, 0.42069980121623224, 
     0.4209525523854899, 0.4212069248438872, 0.420484497204843, 
     0.42098832381089246, 0.42253445584926286, 0.42059126704811783, 
     0.4213099847387973, 0.4243364590882672, 0.4243844625587625, 
     0.4235916434863289, 0.42435581487155977, 0.42603063901522903, 
     0.4255190155314824, 0.4255190155314824, 0.4251014458105835, 
     0.42499904875870204, 0.42588488643226474, 0.4269727721184097, 
     0.42466885514383396, 0.4211449143991189, 0.42294903667256045, 
     0.4224940718485757, 0.42318156587358075, 0.42386599677173503, 
     0.42450150074754944, 0.42391291346063903, 0.42415907141746456, 
     0.4242222577171594, 0.4252175938461336, 0.42508682063535186, 
     0.4240822953315241, 0.4226916107548814, 0.4232778294288558, 
     0.42074201505778025, 0.4212045645071313, 0.42392267892457874, 
     0.42338195682355984, 0.42337251947506194, 0.4243660916835876, 
     0.42306008314690746, 0.4249844292457485, 0.4260079840769149, 
     0.42489316078730976, 0.42489316078730976, 0.4274198996532655, 
     0.42884968621794756, 0.42843071016731543, 0.428382874580012, 
     0.4279557166068438, 0.4270749884778266, 0.42699004897204046, 
     0.4255821399353183, 0.4246690676819551, 0.42511904424958535, 
     0.4249342230103327, 0.4255019015163502, 0.4245452260330452, 
     0.4241671337539485, 0.42366409816310546, 0.4250534496573337, 
     0.4252685536201985, 0.4257647154285247, 0.42494792955019917, 
     0.4252037265361526, 0.4252037265361526}
