MITN3R89Cou = {0.5520283113101087, 0.5668473132908206, 0.5747025215894317, 
     0.5702114784305021, 0.5854863225566508, 0.5932691354599438, 
     0.5848651553472712, 0.5900242164522052, 0.600259091231257, 
     0.5998104589128317, 0.5936145003736476, 0.5932548979969949, 
     0.6006805603915845, 0.593546108610078, 0.6064461029753542, 
     0.6006351259403208, 0.6008829295693467, 0.6133012298785299, 
     0.6146716850543561, 0.6218698882170505, 0.6208374136921302, 
     0.6213574041513507, 0.620879962064343, 0.6219759031438628, 
     0.6313879131502208, 0.6348946775939163, 0.6517168850003578, 
     0.6516888782655219, 0.6478283978543501, 0.6677530285643478, 
     0.6608547772342778, 0.6636594871354027, 0.6695445348483853, 
     0.6532995240365971, 0.6566358732632193, 0.6674380915201912, 
     0.6648853326508717, 0.6567292820509438, 0.6474920507925941, 
     0.6430972980131395, 0.6371819294762465, 0.6476551538711649, 
     0.6569144153770041, 0.637696217551198, 0.654814701532987, 
     0.6539897623119734, 0.6596779939975745, 0.6536844929653919, 
     0.6594907412939691, 0.6550584268378419, 0.6706150997960694, 
     0.6890954020104137, 0.6800992114516248, 0.6795386049738411, 
     0.6936632851986949, 0.6650976742450471, 0.6764663159349935, 
     0.681566087171991, 0.6811601141307974, 0.6873473028202234, 
     0.6740142493149298, 0.6885730798096835, 0.6868055171892947, 
     0.6951844366891745, 0.690612848621019, 0.6962087868309744, 
     0.693770567400334, 0.6887260592077297, 0.7087246708265111, 
     0.6983903921400773, 0.70657957707735, 0.7029302457744293, 
     0.725184863073562, 0.7165539449762336, 0.7234356440608548, 
     0.7280793124586308, 0.729390119177348, 0.7336856788424723, 
     0.7376281805782663, 0.7267016045754131, 0.7237730815487791, 
     0.7309749930981164, 0.7351255319523056, 0.7442644767153015, 
     0.7485199278421325, 0.7452052522234303, 0.7411866351347066, 
     0.7460177115216324, 0.7314308433098203, 0.7478924015529516, 
     0.7231992586089167, 0.7417273834656917, 0.737729000098817, 
     0.7400926489741476, 0.7434746192113871, 0.7474513026039938, 
     0.7512193342021068, 0.7551645380850514, 0.7485225227897103, 
     0.7436034578793378, 0.7448696108131264, 0.7472509259728665, 
     0.7418450590996272, 0.7446950464966144, 0.7417285174546472, 
     0.7423984200497198, 0.7399493504723845, 0.7480206721278155, 
     0.7435530781532075, 0.7410488913326524, 0.7453827876157424, 
     0.7450951558529374, 0.7511674923268628, 0.7494164954266118, 
     0.751600692561523, 0.7411539609807287, 0.7411762774792136, 
     0.7524658888531178, 0.7449041347605463, 0.7538902153255126, 
     0.7407493775569256, 0.743038391798092, 0.7367527345878903, 
     0.7404526329664901, 0.7320949931650784, 0.7338802220698807, 
     0.7420581289476968, 0.7455399096021667, 0.728331192137296, 
     0.7325522755312427, 0.7569839549003524, 0.741440011533522, 
     0.7422236090998686, 0.7484741332650493, 0.7432618793069183, 
     0.743882493236551, 0.7478551823940773, 0.7484557773843545, 
     0.7484841179909564, 0.7528668294654887, 0.7560765225614025, 
     0.7469653157033563, 0.7501115314857024, 0.7509761082210492, 
     0.7497102226932929, 0.7557721375792664, 0.7561416670499085, 
     0.7712766727989233, 0.7593061795313994, 0.7614333121223831, 
     0.7582843350301597, 0.7475950374040683, 0.752909721481611, 
     0.7538437749437247, 0.7523006794335378, 0.7458805843867954, 
     0.7411717688031669, 0.7419862595585093, 0.7396010882433588, 
     0.7357694121704653, 0.7375321701207443, 0.7542738111766761, 
     0.7414269409075029, 0.7469990752867876, 0.7432227361192398, 
     0.7411847190950578, 0.7477123513368863, 0.7418804814627402, 
     0.7396956243967905, 0.7378379096232816, 0.7365516910479806, 
     0.7362965822292236, 0.7366485876135288, 0.7365977898888273, 
     0.7350408105316922, 0.7309662732944028, 0.7289470077285594, 
     0.7195198681660312, 0.7132868309485839, 0.7129493159895027, 
     0.7107489147193057, 0.7131850632997755, 0.7091485441125301, 
     0.7028950192738591, 0.6951830727147209, 0.6949886258548172, 
     0.6953077695333584, 0.6921262752603227, 0.6884680064842109, 
     0.6912810735659204, 0.6941869811114748, 0.6983778469748185, 
     0.6982097443518352, 0.6949192490195505, 0.6997430484963694, 
     0.6982463786914428, 0.7007782826207484, 0.7047946950270711, 
     0.6898794893203368, 0.6847279495424183, 0.6733442637109219, 
     0.676531013800576, 0.6809708176083004, 0.6677189059038272, 
     0.6738724603876766, 0.6633716316244316, 0.6523824485635092, 
     0.641708217767277, 0.630797059575064, 0.6044583034663513, 
     0.5921387901287809, 0.583166862887024, 0.5856239018463917, 
     0.5775684789055799, 0.5777487884017108, 0.572787526341711, 
     0.561352165201073, 0.5530574320345906, 0.5483904480447177, 
     0.5436382926797839, 0.540574226089959, 0.5280852325233386, 
     0.5265914729832167, 0.517854499674503, 0.5155677794374404, 
     0.510668894730462, 0.5020185456039183, 0.506521205703252, 
     0.4891236485632588, 0.4877833282275793, 0.47890184047790424, 
     0.4722084119537437, 0.4721621074261951, 0.46155321382005476, 
     0.4521211899705771, 0.45699971969971537, 0.4560991769957817, 
     0.45197262774741004, 0.44896190390579, 0.4463678185143979, 
     0.44657369672132097, 0.44392133639137055, 0.4364687190769702, 
     0.43312825255947235, 0.43916834060645427, 0.436255409382678, 
     0.42890507869004035, 0.43727655307065266, 0.43584914647178163, 
     0.4329380948175522, 0.43180846007697793, 0.43806249847574336, 
     0.4282864709635579, 0.4348400959949534, 0.4315803938856342, 
     0.43530999928410224, 0.430075534746221, 0.43737377428464, 
     0.4305688991450065, 0.4389805338452139, 0.43522996889342547, 
     0.43264051358884775, 0.4339420306348316, 0.4352593087586764, 
     0.4347080721422971, 0.42814616974623726, 0.4329174081075091, 
     0.435035212698837, 0.4309842465395872, 0.4276240249116919, 
     0.4264401992030047, 0.42830946883951715, 0.42937645810204217, 
     0.423743685089552, 0.4239096620683234, 0.4199737962503487, 
     0.41324168889031415, 0.4300586428897584, 0.42521480779023646, 
     0.42297272561161, 0.42516719234916495, 0.4243915484284146, 
     0.4255497676865821, 0.4272834330498836, 0.4287777720337118, 
     0.4248650603279169, 0.4185801455465081, 0.4251167924776839, 
     0.42496166202022245, 0.42743522872920087, 0.4172309062000704, 
     0.4201942407891084, 0.4175734625646838, 0.4098869360667928, 
     0.40355173147935886, 0.40810046873340633, 0.4081152625922529, 
     0.40737335057104956, 0.4107313566516778, 0.41332659245835546, 
     0.41092355584862283, 0.4096879860523096, 0.4085272178585745, 
     0.40412456824481224, 0.41131047948294014, 0.40394101958579454, 
     0.4086898318505817, 0.41649898331143703, 0.42085664708526704, 
     0.4223867873337848, 0.41739359376566726, 0.4171670581032941, 
     0.4184507062536749, 0.41966468344474794, 0.4166229742920751, 
     0.4182066000747198, 0.4075520342291506, 0.4067978214573018, 
     0.40885182551099464, 0.4016110061061371, 0.4007370032561504, 
     0.40515341868289284, 0.40738230213918913, 0.3963601629749393, 
     0.39437113610904473, 0.3996068572043439, 0.4091277090745047, 
     0.40190366617132317, 0.3991038534443066, 0.39880116981714864, 
     0.392031695987947, 0.39431822829917273, 0.3979418359452708, 
     0.3865285720014184, 0.3888530046269865, 0.38923174431380425, 
     0.38157189677080267, 0.3856587879776142, 0.38951638307012476, 
     0.3947071082843215, 0.38720979475769535, 0.3833424219357923, 
     0.3864742249008029, 0.3906943615497025, 0.3922614521877513, 
     0.39628760925142203, 0.39082781706492065, 0.38548444871112836, 
     0.38968568612906757, 0.3848373998451031, 0.3821585456584891, 
     0.3850996872442892, 0.3854535924407166, 0.3780419924015535, 
     0.37759355531945715, 0.38520881841638555, 0.3868836092280712, 
     0.3823279389115758, 0.38658312070063644, 0.38190038468492926, 
     0.3846958058348439, 0.3851353165256873, 0.38003143672273865, 
     0.3702166122157748, 0.3711550979019455, 0.37467383440655516, 
     0.37960169807673, 0.3713129628903823, 0.3702477496155331, 
     0.3721486608688976, 0.37357004637924723, 0.3673992377729729, 
     0.37352134915621305, 0.3734140874673729, 0.37044725257815786, 
     0.37619739787114415, 0.37550504875243895, 0.38244841731537227, 
     0.3803397723987111, 0.3838271659649243, 0.37582215678200825, 
     0.3792789094212462, 0.3788179848980749, 0.36926187030805596, 
     0.3716175618231735, 0.3787028110836365, 0.3834945277343429, 
     0.38205484798256645, 0.3820958280315198, 0.3836487086540628, 
     0.3776037863336239, 0.3781713188903946, 0.38437924325080336, 
     0.3799632054918782, 0.37392405435289455, 0.3745603210954183, 
     0.37830600859913527, 0.37806244917235987, 0.38249461751013597, 
     0.38226385328522255, 0.3767970690194142, 0.370173341681744, 
     0.36714987223501655, 0.3683315411767807, 0.3753741877031157, 
     0.37533629799841395, 0.3732124021635731, 0.37227874338282674, 
     0.3725248845641845, 0.3690735676850638, 0.3714923280807961, 
     0.3689725952694759, 0.37030888007506474, 0.37574256231422953, 
     0.3763814558714368, 0.37857003923572324, 0.377893078566341, 
     0.3748474545452616, 0.37354721555754994, 0.3711869852041516, 
     0.37403584287434655, 0.3749087011164033, 0.37620756033845293, 
     0.3663339261549307, 0.37028753664083836, 0.36516030991911436, 
     0.37083854829458196, 0.3659324541806103, 0.3673959176055295, 
     0.37005752343472975, 0.37704683012626744, 0.3760464101471586, 
     0.36991343080805794, 0.3711621335812381, 0.3760641232473519, 
     0.3814351982769062, 0.3787552849032362, 0.37203276607470825, 
     0.37416777567336673, 0.37755762611600807, 0.37926580960571626, 
     0.37852258764721664, 0.38488731581114305, 0.3783662220088695, 
     0.3715098978399463, 0.37042514449810054, 0.37357039534441844, 
     0.36756704824477177, 0.37312171168500596, 0.3709392390595968, 
     0.3676211747658046, 0.36685938884313857, 0.36942184567168374, 
     0.37154781781652657, 0.3736920657325484, 0.37846419564702327, 
     0.3805397023387828, 0.3733751298963743, 0.3801722719657847, 
     0.38127615413473703, 0.37964291393083544, 0.3879754837813376, 
     0.3780975867219619, 0.38222318488395407, 0.3786158236074843, 
     0.3768295819259827, 0.368833560022313, 0.3799062704231198, 
     0.3767979330757529, 0.36545999957858044, 0.36395760129638527, 
     0.37142403804300356, 0.37062405559241896, 0.37559490525672395, 
     0.3769289345042107, 0.3749411544551475, 0.37148622491186395, 
     0.37511802265345073, 0.3686225783010873, 0.3720589182962012, 
     0.3775507363906594, 0.37279108390753635, 0.3770074212502699, 
     0.3813713396823288, 0.37529730240825404, 0.37555831488241, 
     0.36916628143947555, 0.36731634467842444, 0.3685392470380036, 
     0.3662236618229942, 0.3679814329072159, 0.3751178807205957, 
     0.3727153633866712, 0.3682307143534871, 0.3744763915693387, 
     0.3647327469958676, 0.38143884101220427, 0.37872712506683165, 
     0.37824870470965455, 0.37270253340121984, 0.3730822961795187, 
     0.3683537608798915, 0.3696724553940672, 0.36902284438237964, 
     0.37039771748628847, 0.3711928237121311, 0.3658632766415668, 
     0.3552489366263995, 0.3600241139697501, 0.3562601504015543, 
     0.35036825264777816, 0.3533800604174408, 0.3471292613438119, 
     0.34644316304803785, 0.3432879594477195, 0.3415559139790992, 
     0.3421243373755592, 0.3345997317494029, 0.3303688291390572, 
     0.3317569060411965, 0.33580428116952504, 0.32943783355088413, 
     0.3356716793837911, 0.3237616572447393, 0.3294531427299712, 
     0.32564676352391214, 0.3293039789574545, 0.324258065292628, 
     0.31611013299381363, 0.31542898671744835, 0.31506919473575845, 
     0.31741768462807557, 0.31414676438804295, 0.3033274982362138, 
     0.3053642405855329, 0.30576972492541094, 0.3046965395071774, 
     0.3014827194507031, 0.29374693842873056, 0.30256692635793186, 
     0.29026657210103995, 0.29339512060802503, 0.29782180089178145, 
     0.2896057949874061, 0.29317385132248824, 0.2975235383910704, 
     0.28868342667863345, 0.287194752303204, 0.28957429388840544, 
     0.28673217205878504, 0.2880448264009894, 0.2898281047128646, 
     0.2840659049987219, 0.2903680296683261, 0.2863184915065114, 
     0.2840136008136356, 0.28492943427343104, 0.2857373044032564, 
     0.27421679163880947, 0.2797844367539523, 0.27872006921330394, 
     0.26618156350195116, 0.26641675025861145, 0.2683650709766263, 
     0.2736535032217116, 0.2648246381847753, 0.26708309493250615, 
     0.26288927419345787, 0.26704190307492276, 0.2637801929952412, 
     0.2570541772902989, 0.2541255299296343, 0.25879242875159014, 
     0.25325648388501854, 0.2565481903673017, 0.2519175706676366, 
     0.2570470484302818, 0.24752203140787862, 0.2456831233818284, 
     0.25131391231730565, 0.25224167391833985, 0.2538167531422056, 
     0.25092630785378567, 0.24346914934274871, 0.2548527425370994, 
     0.24728261064195659, 0.25266437762441113, 0.2499745700598443, 
     0.25132500123608953, 0.24213898701493702, 0.24346159691739272, 
     0.2502084849113064, 0.25598354758217556, 0.24430029131496467, 
     0.24483127811316255, 0.2384615796169184, 0.2410540819891269, 
     0.2366746976813331, 0.24703171818627107, 0.24435339670677172, 
     0.2386869029755463, 0.24225193614746765, 0.24542553651206753, 
     0.248492017548648, 0.2525011837341014, 0.25312098708121805, 
     0.25161703079109304, 0.24571006017190708, 0.24962615809896804, 
     0.24686490756355864, 0.24090686889044696, 0.24324407079342325, 
     0.2394545773791416, 0.24266609381970353, 0.24209486756717435, 
     0.24107112173833573, 0.23698891196418637, 0.2408568192266091, 
     0.23492788465952252, 0.23308167579268887, 0.23816024412308523, 
     0.23731451991587554, 0.2477438382513588, 0.24725948081133103, 
     0.24791408332146736, 0.2444523678206521, 0.23913184844626256, 
     0.23973967061498966, 0.23898770603063083, 0.24788729232693887, 
     0.2513097612707986, 0.2476972932948828, 0.25094430537872364, 
     0.25390423215465213, 0.24565901446331082, 0.2558720812587609, 
     0.252240303664798, 0.24317637418244892, 0.24751516266163948, 
     0.25117181811666045, 0.24655484587948853, 0.2525426361261438, 
     0.25539108732924426, 0.2477890320074161, 0.2503856156825329, 
     0.25369805705139736, 0.25087380453884184, 0.2500403834593725, 
     0.24785719009105872, 0.2547872627713748, 0.25349096014731876, 
     0.2521366789072361, 0.25437740113768353, 0.2545179189431105, 
     0.25431996521731853, 0.2476169133154712, 0.25267333493738287, 
     0.25430483443943364, 0.25617515132096486, 0.25502504914108487, 
     0.24969366266500848, 0.2537301489187182, 0.2530770452699467, 
     0.2544948999332145, 0.2594260379849985, 0.2593283524329659, 
     0.26122028369678724, 0.25088699556069843, 0.2562014278591247, 
     0.2615144245343924, 0.2531336913931038, 0.25672326677223933, 
     0.25188687628287254, 0.26195838095967283, 0.25649545323257206, 
     0.25362413687260243, 0.2558939854577382, 0.25437029208093503, 
     0.2555013327759969, 0.2513042664010134, 0.24905874196695485, 
     0.2515122260915374, 0.2518723508730582, 0.2516323727399488, 
     0.2529092602548143, 0.24935063195240467, 0.2495812352649536, 
     0.2497412955218106, 0.24350710084495597, 0.25265274110031677, 
     0.25311744826979293, 0.2586574216304903, 0.25730048052852067, 
     0.2584549733243972, 0.25435036493096974, 0.257987121216527, 
     0.2538656935496317, 0.2544269025190589, 0.2531584089967452, 
     0.2591400148526096, 0.2597026050969387, 0.2628968024720381, 
     0.26253040421934887, 0.2667816079619013, 0.2663492248759766, 
     0.2715467102470511, 0.2714479562925012, 0.2686484446194178, 
     0.2735220942471154, 0.27610636481618467, 0.27008330223695215, 
     0.27624729157712014, 0.280711505338014, 0.28049230162632816, 
     0.2782075624901196, 0.27588250598537956, 0.27422287780452215, 
     0.27620441290203745, 0.2757756983465412, 0.2756745197053019, 
     0.2757600934348818, 0.2752272109719004, 0.2724556757123185, 
     0.27477932872521654, 0.2747431972410714, 0.2786285403307636, 
     0.2783446929278895, 0.28019008704941134, 0.2836005296859136, 
     0.2739201878031825, 0.2723106292429074, 0.2677995167991091, 
     0.27848410247980376, 0.27644564033247265, 0.2793895658194008, 
     0.28425898775947445, 0.28888298913499805, 0.2908808865108698, 
     0.2833688698848704, 0.2824893285173004, 0.2822818296921353, 
     0.2837513304097586, 0.2907236525562557, 0.2892101213717864, 
     0.29064153261022146, 0.28966117243239337, 0.28495093460163395, 
     0.28494637917917937, 0.2904899068860771, 0.2851009238303757, 
     0.2853729112049631, 0.2864002415431836, 0.28680014959356337, 
     0.27816427571561325, 0.28715475412642066, 0.28151709924033685, 
     0.28996616259134406, 0.2845390461214412, 0.28539697200259834, 
     0.2920727952827146, 0.29018541070373555, 0.3011174753162308, 
     0.29625898190584904, 0.29730238721129054, 0.2999656812897496, 
     0.2987743912971631, 0.2975614757961368, 0.2958803694044817, 
     0.3021853353065828, 0.2971449822913183, 0.287958836121922, 
     0.29291607730603014, 0.2963002853590391, 0.2972111705578376, 
     0.2991564149555833, 0.29687138166743116, 0.2964695624772413, 
     0.29906927526881605, 0.29448485027153476, 0.298173451457882, 
     0.2987121906184353, 0.3010720820881598, 0.297633097533766, 
     0.2986223450004913, 0.3015160509712226, 0.3003148401528386, 
     0.30833196832424375, 0.3090886177126295, 0.30724004843623853, 
     0.3084464370295055, 0.31066652059910504, 0.3160357285281947, 
     0.3097275933632688, 0.31191245717478455, 0.31132129363714733, 
     0.31123055593881843, 0.31052871306450025, 0.30954144340758094, 
     0.30659455293227833, 0.30884713793373086, 0.30413779722027223, 
     0.3086361565930143, 0.3029525565636454, 0.30912912318043445, 
     0.30511531233305444, 0.30860924201394274, 0.3120551409580115, 
     0.30928454299823216, 0.30510995877526453, 0.30445632327515665, 
     0.30418496038458, 0.30738630776145, 0.30416148559972717, 
     0.3065955392171343, 0.3117095321396739, 0.3062293662437769, 
     0.3126456365849458, 0.31619194953999424, 0.3107631225721855, 
     0.3088417751071728, 0.3114024664888379, 0.30915101957084723, 
     0.3137818870158191, 0.3124151842682153, 0.30513775459052206, 
     0.3030590856357055, 0.30600378170958153, 0.3072816346689274, 
     0.3121921607121944, 0.31574422489488957, 0.3129024597320305, 
     0.31200176154801085, 0.31328383340242877, 0.31085554567657325, 
     0.3114063341963362, 0.30648427854951127, 0.3066471818450982, 
     0.313260525430522, 0.31484497418237467, 0.3133208842928031, 
     0.3155799443274417, 0.31541954574456055, 0.31801826998884125, 
     0.31400669327437947, 0.31169331767829894, 0.31579901650891296, 
     0.31586352689916253, 0.3092770545540109, 0.3018564892020604, 
     0.30620226512707044, 0.30459126140554815, 0.30872863143371787, 
     0.30085567333999186, 0.3054842969189796, 0.308283077785522, 
     0.30787882619933055, 0.30395192768226903, 0.30169219008383874, 
     0.3021803238983114, 0.30278590133349886, 0.30333589201152084, 
     0.30833226165000066, 0.3104601028777534, 0.31095846014799877, 
     0.30937823813722964, 0.3075117159722185, 0.3051612836310083, 
     0.29930605072796407, 0.2997503708507411, 0.30671746746340944, 
     0.30066815622504334, 0.30134899570776785, 0.3013121243544927, 
     0.29962063989572524, 0.30084234572279805, 0.3015639199412158, 
     0.30654098252553363, 0.3078337680354116, 0.30433833899686674, 
     0.30416312222509995, 0.30206225269059556, 0.3072112423027757, 
     0.30553770335396624, 0.3062286123654827, 0.3039807075098015, 
     0.3056725500680967, 0.30535700491258494, 0.30905414461981495, 
     0.31023809104179406, 0.30953956807045757, 0.3069738233623006, 
     0.30644438843348926, 0.30740840897752936, 0.30646936226763755, 
     0.30488797151639296, 0.3021506444214235, 0.3054356157198476, 
     0.30525323962301165, 0.30884313264594665, 0.30796093572349553, 
     0.3075913501926044, 0.30884366657630097, 0.30661976663688445, 
     0.3042935780664698, 0.3031159905645526, 0.3049388092547237, 
     0.30352834517270233, 0.3030675887125034, 0.3019166237763984, 
     0.30275408816965366, 0.30692197806033633, 0.3053770041820933, 
     0.30653790875437226, 0.3041858119142052, 0.3067162686596529, 
     0.3024280308148948, 0.3026283215630202, 0.30550736089502284, 
     0.31103830550530226, 0.3058841912133559, 0.3019528305951286, 
     0.30054013033030896, 0.29966494708754826, 0.30568828437585693, 
     0.30772934340822006, 0.30752793325736855, 0.3084049784594529, 
     0.3079333305721492, 0.30656614674942656, 0.3032944283559107, 
     0.30632382365859934, 0.3051434858097111, 0.30629480242540896, 
     0.30308598586702834, 0.30221391111980456, 0.3016006041211344, 
     0.30214376649328273, 0.30220828189696053, 0.3022041237131301, 
     0.2990840835200948, 0.30045022502034163, 0.3000609183286616, 
     0.30316251232431446, 0.3021285244704651, 0.30133989096236413, 
     0.3068929933588396, 0.30623870007183246, 0.3092399144382219, 
     0.3070661383717654, 0.3049505968926817, 0.30493461419376566, 
     0.3037045957610363, 0.30834945957406334, 0.30711344177223915, 
     0.3071389570903786, 0.3061300566356905, 0.3074697880765659, 
     0.30595463253600863, 0.3059776042727829, 0.304715190726343}
MITN3R89Cou = {0.6733442637109219, 0.676531013800576, 0.6809708176083004, 
     0.6677189059038272, 0.6738724603876766, 0.6633716316244316, 
     0.6523824485635092, 0.641708217767277, 0.630797059575064, 
     0.6044583034663513, 0.5921387901287809, 0.583166862887024, 
     0.5856239018463917, 0.5775684789055799, 0.5777487884017108, 
     0.572787526341711, 0.561352165201073, 0.5530574320345906, 
     0.5483904480447177, 0.5436382926797839, 0.540574226089959, 
     0.5280852325233386, 0.5265914729832167, 0.517854499674503, 
     0.5155677794374404, 0.510668894730462, 0.5020185456039183, 
     0.506521205703252, 0.4891236485632588, 0.4877833282275793, 
     0.47890184047790424, 0.4722084119537437, 0.4721621074261951, 
     0.46155321382005476, 0.4521211899705771, 0.45699971969971537, 
     0.4560991769957817, 0.45197262774741004, 0.44896190390579, 
     0.4463678185143979, 0.44657369672132097, 0.44392133639137055, 
     0.4364687190769702, 0.43312825255947235, 0.43916834060645427, 
     0.436255409382678, 0.42890507869004035, 0.43727655307065266, 
     0.43584914647178163, 0.4329380948175522, 0.43180846007697793, 
     0.43806249847574336, 0.4282864709635579, 0.4348400959949534, 
     0.4315803938856342, 0.43530999928410224, 0.430075534746221, 
     0.43737377428464, 0.4305688991450065, 0.4389805338452139, 
     0.43522996889342547, 0.43264051358884775, 0.4339420306348316, 
     0.4352593087586764, 0.4347080721422971, 0.42814616974623726, 
     0.4329174081075091, 0.435035212698837, 0.4309842465395872, 
     0.4276240249116919, 0.4264401992030047, 0.42830946883951715, 
     0.42937645810204217, 0.423743685089552, 0.4239096620683234, 
     0.4199737962503487, 0.41324168889031415, 0.4300586428897584, 
     0.42521480779023646, 0.42297272561161, 0.42516719234916495, 
     0.4243915484284146, 0.4255497676865821, 0.4272834330498836, 
     0.4287777720337118, 0.4248650603279169, 0.4185801455465081, 
     0.4251167924776839, 0.42496166202022245, 0.42743522872920087, 
     0.4172309062000704, 0.4201942407891084, 0.4175734625646838, 
     0.4098869360667928, 0.40355173147935886, 0.40810046873340633, 
     0.4081152625922529, 0.40737335057104956, 0.4107313566516778, 
     0.41332659245835546, 0.41092355584862283, 0.4096879860523096, 
     0.4085272178585745, 0.40412456824481224, 0.41131047948294014, 
     0.40394101958579454, 0.4086898318505817, 0.41649898331143703, 
     0.42085664708526704, 0.4223867873337848, 0.41739359376566726, 
     0.4171670581032941, 0.4184507062536749, 0.41966468344474794, 
     0.4166229742920751, 0.4182066000747198, 0.4075520342291506, 
     0.4067978214573018, 0.40885182551099464, 0.4016110061061371, 
     0.4007370032561504, 0.40515341868289284, 0.40738230213918913, 
     0.3963601629749393, 0.39437113610904473, 0.3996068572043439, 
     0.4091277090745047, 0.40190366617132317, 0.3991038534443066, 
     0.39880116981714864, 0.392031695987947, 0.39431822829917273, 
     0.3979418359452708, 0.3865285720014184, 0.3888530046269865, 
     0.38923174431380425, 0.38157189677080267, 0.3856587879776142, 
     0.38951638307012476, 0.3947071082843215, 0.38720979475769535, 
     0.3833424219357923, 0.3864742249008029, 0.3906943615497025, 
     0.3922614521877513, 0.39628760925142203, 0.39082781706492065, 
     0.38548444871112836, 0.38968568612906757, 0.3848373998451031, 
     0.3821585456584891, 0.3850996872442892, 0.3854535924407166, 
     0.3780419924015535, 0.37759355531945715, 0.38520881841638555, 
     0.3868836092280712, 0.3823279389115758, 0.38658312070063644, 
     0.38190038468492926, 0.3846958058348439, 0.3851353165256873, 
     0.38003143672273865, 0.3702166122157748, 0.3711550979019455, 
     0.37467383440655516, 0.37960169807673, 0.3713129628903823, 
     0.3702477496155331, 0.3721486608688976, 0.37357004637924723, 
     0.3673992377729729, 0.37352134915621305, 0.3734140874673729, 
     0.37044725257815786, 0.37619739787114415, 0.37550504875243895, 
     0.38244841731537227, 0.3803397723987111, 0.3838271659649243, 
     0.37582215678200825, 0.3792789094212462, 0.3788179848980749, 
     0.36926187030805596, 0.3716175618231735, 0.3787028110836365, 
     0.3834945277343429, 0.38205484798256645, 0.3820958280315198, 
     0.3836487086540628, 0.3776037863336239, 0.3781713188903946, 
     0.38437924325080336, 0.3799632054918782, 0.37392405435289455, 
     0.3745603210954183, 0.37830600859913527, 0.37806244917235987, 
     0.38249461751013597, 0.38226385328522255, 0.3767970690194142, 
     0.370173341681744, 0.36714987223501655, 0.3683315411767807, 
     0.3753741877031157, 0.37533629799841395, 0.3732124021635731, 
     0.37227874338282674, 0.3725248845641845, 0.3690735676850638, 
     0.3714923280807961, 0.3689725952694759, 0.37030888007506474, 
     0.37574256231422953, 0.3763814558714368, 0.37857003923572324, 
     0.377893078566341, 0.3748474545452616, 0.37354721555754994, 
     0.3711869852041516, 0.37403584287434655, 0.3749087011164033, 
     0.37620756033845293, 0.3663339261549307, 0.37028753664083836, 
     0.36516030991911436, 0.37083854829458196, 0.3659324541806103, 
     0.3673959176055295, 0.37005752343472975, 0.37704683012626744, 
     0.3760464101471586, 0.36991343080805794, 0.3711621335812381, 
     0.3760641232473519, 0.3814351982769062, 0.3787552849032362, 
     0.37203276607470825, 0.37416777567336673, 0.37755762611600807, 
     0.37926580960571626, 0.37852258764721664, 0.38488731581114305, 
     0.3783662220088695, 0.3715098978399463, 0.37042514449810054, 
     0.37357039534441844, 0.36756704824477177, 0.37312171168500596, 
     0.3709392390595968, 0.3676211747658046, 0.36685938884313857, 
     0.36942184567168374, 0.37154781781652657, 0.3736920657325484, 
     0.37846419564702327, 0.3805397023387828, 0.3733751298963743, 
     0.3801722719657847, 0.38127615413473703, 0.37964291393083544, 
     0.3879754837813376, 0.3780975867219619, 0.38222318488395407, 
     0.3786158236074843, 0.3768295819259827, 0.368833560022313, 
     0.3799062704231198, 0.3767979330757529, 0.36545999957858044, 
     0.36395760129638527, 0.37142403804300356, 0.37062405559241896, 
     0.37559490525672395, 0.3769289345042107, 0.3749411544551475, 
     0.37148622491186395, 0.37511802265345073, 0.3686225783010873, 
     0.3720589182962012, 0.3775507363906594, 0.37279108390753635, 
     0.3770074212502699, 0.3813713396823288, 0.37529730240825404, 
     0.37555831488241, 0.36916628143947555, 0.36731634467842444, 
     0.3685392470380036, 0.3662236618229942, 0.3679814329072159, 
     0.3751178807205957, 0.3727153633866712, 0.3682307143534871, 
     0.3744763915693387, 0.3647327469958676, 0.38143884101220427, 
     0.37872712506683165, 0.37824870470965455, 0.37270253340121984, 
     0.3730822961795187, 0.3683537608798915, 0.3696724553940672, 
     0.36902284438237964, 0.37039771748628847, 0.3711928237121311, 
     0.3658632766415668, 0.3552489366263995, 0.3600241139697501, 
     0.3562601504015543, 0.35036825264777816, 0.3533800604174408, 
     0.3471292613438119, 0.34644316304803785, 0.3432879594477195, 
     0.3415559139790992, 0.3421243373755592, 0.3345997317494029, 
     0.3303688291390572, 0.3317569060411965, 0.33580428116952504, 
     0.32943783355088413, 0.3356716793837911, 0.3237616572447393, 
     0.3294531427299712, 0.32564676352391214, 0.3293039789574545, 
     0.324258065292628, 0.31611013299381363, 0.31542898671744835, 
     0.31506919473575845, 0.31741768462807557, 0.31414676438804295, 
     0.3033274982362138, 0.3053642405855329, 0.30576972492541094, 
     0.3046965395071774, 0.3014827194507031, 0.29374693842873056, 
     0.30256692635793186, 0.29026657210103995, 0.29339512060802503, 
     0.29782180089178145, 0.2896057949874061, 0.29317385132248824, 
     0.2975235383910704, 0.28868342667863345, 0.287194752303204, 
     0.28957429388840544, 0.28673217205878504, 0.2880448264009894, 
     0.2898281047128646, 0.2840659049987219, 0.2903680296683261, 
     0.2863184915065114, 0.2840136008136356, 0.28492943427343104, 
     0.2857373044032564, 0.27421679163880947, 0.2797844367539523, 
     0.27872006921330394, 0.26618156350195116, 0.26641675025861145, 
     0.2683650709766263, 0.2736535032217116, 0.2648246381847753, 
     0.26708309493250615, 0.26288927419345787, 0.26704190307492276, 
     0.2637801929952412, 0.2570541772902989, 0.2541255299296343, 
     0.25879242875159014, 0.25325648388501854, 0.2565481903673017, 
     0.2519175706676366, 0.2570470484302818, 0.24752203140787862, 
     0.2456831233818284, 0.25131391231730565, 0.25224167391833985, 
     0.2538167531422056, 0.25092630785378567, 0.24346914934274871, 
     0.2548527425370994, 0.24728261064195659, 0.25266437762441113, 
     0.2499745700598443, 0.25132500123608953, 0.24213898701493702, 
     0.24346159691739272, 0.2502084849113064, 0.25598354758217556, 
     0.24430029131496467, 0.24483127811316255, 0.2384615796169184, 
     0.2410540819891269, 0.2366746976813331, 0.24703171818627107, 
     0.24435339670677172, 0.2386869029755463, 0.24225193614746765, 
     0.24542553651206753, 0.248492017548648, 0.2525011837341014, 
     0.25312098708121805, 0.25161703079109304, 0.24571006017190708, 
     0.24962615809896804, 0.24686490756355864, 0.24090686889044696, 
     0.24324407079342325, 0.2394545773791416, 0.24266609381970353, 
     0.24209486756717435, 0.24107112173833573, 0.23698891196418637, 
     0.2408568192266091, 0.23492788465952252, 0.23308167579268887, 
     0.23816024412308523, 0.23731451991587554, 0.2477438382513588, 
     0.24725948081133103, 0.24791408332146736, 0.2444523678206521, 
     0.23913184844626256, 0.23973967061498966, 0.23898770603063083, 
     0.24788729232693887, 0.2513097612707986, 0.2476972932948828, 
     0.25094430537872364, 0.25390423215465213, 0.24565901446331082, 
     0.2558720812587609, 0.252240303664798, 0.24317637418244892, 
     0.24751516266163948, 0.25117181811666045, 0.24655484587948853, 
     0.2525426361261438, 0.25539108732924426, 0.2477890320074161, 
     0.2503856156825329, 0.25369805705139736, 0.25087380453884184, 
     0.2500403834593725, 0.24785719009105872, 0.2547872627713748, 
     0.25349096014731876, 0.2521366789072361, 0.25437740113768353, 
     0.2545179189431105, 0.25431996521731853, 0.2476169133154712, 
     0.25267333493738287, 0.25430483443943364, 0.25617515132096486, 
     0.25502504914108487, 0.24969366266500848, 0.2537301489187182, 
     0.2530770452699467, 0.2544948999332145, 0.2594260379849985, 
     0.2593283524329659, 0.26122028369678724, 0.25088699556069843, 
     0.2562014278591247, 0.2615144245343924, 0.2531336913931038, 
     0.25672326677223933, 0.25188687628287254, 0.26195838095967283, 
     0.25649545323257206, 0.25362413687260243, 0.2558939854577382, 
     0.25437029208093503, 0.2555013327759969, 0.2513042664010134, 
     0.24905874196695485, 0.2515122260915374, 0.2518723508730582, 
     0.2516323727399488, 0.2529092602548143, 0.24935063195240467, 
     0.2495812352649536, 0.2497412955218106, 0.24350710084495597, 
     0.25265274110031677, 0.25311744826979293, 0.2586574216304903, 
     0.25730048052852067, 0.2584549733243972, 0.25435036493096974, 
     0.257987121216527, 0.2538656935496317, 0.2544269025190589, 
     0.2531584089967452, 0.2591400148526096, 0.2597026050969387, 
     0.2628968024720381, 0.26253040421934887, 0.2667816079619013, 
     0.2663492248759766, 0.2715467102470511, 0.2714479562925012, 
     0.2686484446194178, 0.2735220942471154, 0.27610636481618467, 
     0.27008330223695215, 0.27624729157712014, 0.280711505338014, 
     0.28049230162632816, 0.2782075624901196, 0.27588250598537956, 
     0.27422287780452215, 0.27620441290203745, 0.2757756983465412, 
     0.2756745197053019, 0.2757600934348818, 0.2752272109719004, 
     0.2724556757123185, 0.27477932872521654, 0.2747431972410714, 
     0.2786285403307636, 0.2783446929278895, 0.28019008704941134, 
     0.2836005296859136, 0.2739201878031825, 0.2723106292429074, 
     0.2677995167991091, 0.27848410247980376, 0.27644564033247265, 
     0.2793895658194008, 0.28425898775947445, 0.28888298913499805, 
     0.2908808865108698, 0.2833688698848704, 0.2824893285173004, 
     0.2822818296921353, 0.2837513304097586, 0.2907236525562557, 
     0.2892101213717864, 0.29064153261022146, 0.28966117243239337, 
     0.28495093460163395, 0.28494637917917937, 0.2904899068860771, 
     0.2851009238303757, 0.2853729112049631, 0.2864002415431836, 
     0.28680014959356337, 0.27816427571561325, 0.28715475412642066, 
     0.28151709924033685, 0.28996616259134406, 0.2845390461214412, 
     0.28539697200259834, 0.2920727952827146, 0.29018541070373555, 
     0.3011174753162308, 0.29625898190584904, 0.29730238721129054, 
     0.2999656812897496, 0.2987743912971631, 0.2975614757961368, 
     0.2958803694044817, 0.3021853353065828, 0.2971449822913183, 
     0.287958836121922, 0.29291607730603014, 0.2963002853590391, 
     0.2972111705578376, 0.2991564149555833, 0.29687138166743116, 
     0.2964695624772413, 0.29906927526881605, 0.29448485027153476, 
     0.298173451457882, 0.2987121906184353, 0.3010720820881598, 
     0.297633097533766, 0.2986223450004913, 0.3015160509712226, 
     0.3003148401528386, 0.30833196832424375, 0.3090886177126295, 
     0.30724004843623853, 0.3084464370295055, 0.31066652059910504, 
     0.3160357285281947, 0.3097275933632688, 0.31191245717478455, 
     0.31132129363714733, 0.31123055593881843, 0.31052871306450025, 
     0.30954144340758094, 0.30659455293227833, 0.30884713793373086, 
     0.30413779722027223, 0.3086361565930143, 0.3029525565636454, 
     0.30912912318043445, 0.30511531233305444, 0.30860924201394274, 
     0.3120551409580115, 0.30928454299823216, 0.30510995877526453, 
     0.30445632327515665, 0.30418496038458, 0.30738630776145, 
     0.30416148559972717, 0.3065955392171343, 0.3117095321396739, 
     0.3062293662437769, 0.3126456365849458, 0.31619194953999424, 
     0.3107631225721855, 0.3088417751071728, 0.3114024664888379, 
     0.30915101957084723, 0.3137818870158191, 0.3124151842682153, 
     0.30513775459052206, 0.3030590856357055, 0.30600378170958153, 
     0.3072816346689274, 0.3121921607121944, 0.31574422489488957, 
     0.3129024597320305, 0.31200176154801085, 0.31328383340242877, 
     0.31085554567657325, 0.3114063341963362, 0.30648427854951127, 
     0.3066471818450982, 0.313260525430522, 0.31484497418237467, 
     0.3133208842928031, 0.3155799443274417, 0.31541954574456055, 
     0.31801826998884125, 0.31400669327437947, 0.31169331767829894, 
     0.31579901650891296, 0.31586352689916253, 0.3092770545540109, 
     0.3018564892020604, 0.30620226512707044, 0.30459126140554815, 
     0.30872863143371787, 0.30085567333999186, 0.3054842969189796, 
     0.308283077785522, 0.30787882619933055, 0.30395192768226903, 
     0.30169219008383874, 0.3021803238983114, 0.30278590133349886, 
     0.30333589201152084, 0.30833226165000066, 0.3104601028777534, 
     0.31095846014799877, 0.30937823813722964, 0.3075117159722185, 
     0.3051612836310083, 0.29930605072796407, 0.2997503708507411, 
     0.30671746746340944, 0.30066815622504334, 0.30134899570776785, 
     0.3013121243544927, 0.29962063989572524, 0.30084234572279805, 
     0.3015639199412158, 0.30654098252553363, 0.3078337680354116, 
     0.30433833899686674, 0.30416312222509995, 0.30206225269059556, 
     0.3072112423027757, 0.30553770335396624, 0.3062286123654827, 
     0.3039807075098015, 0.3056725500680967, 0.30535700491258494, 
     0.30905414461981495, 0.31023809104179406, 0.30953956807045757, 
     0.3069738233623006, 0.30644438843348926, 0.30740840897752936, 
     0.30646936226763755, 0.30488797151639296, 0.3021506444214235, 
     0.3054356157198476, 0.30525323962301165, 0.30884313264594665, 
     0.30796093572349553, 0.3075913501926044, 0.30884366657630097, 
     0.30661976663688445, 0.3042935780664698, 0.3031159905645526, 
     0.3049388092547237, 0.30352834517270233, 0.3030675887125034, 
     0.3019166237763984, 0.30275408816965366, 0.30692197806033633, 
     0.3053770041820933, 0.30653790875437226, 0.3041858119142052, 
     0.3067162686596529, 0.3024280308148948, 0.3026283215630202, 
     0.30550736089502284, 0.31103830550530226, 0.3058841912133559, 
     0.3019528305951286, 0.30054013033030896, 0.29966494708754826, 
     0.30568828437585693, 0.30772934340822006, 0.30752793325736855, 
     0.3084049784594529, 0.3079333305721492, 0.30656614674942656, 
     0.3032944283559107, 0.30632382365859934, 0.3051434858097111, 
     0.30629480242540896, 0.30308598586702834, 0.30221391111980456, 
     0.3016006041211344, 0.30214376649328273, 0.30220828189696053, 
     0.3022041237131301, 0.2990840835200948, 0.30045022502034163, 
     0.3000609183286616, 0.30316251232431446, 0.3021285244704651, 
     0.30133989096236413, 0.3068929933588396, 0.30623870007183246, 
     0.3092399144382219, 0.3070661383717654, 0.3049505968926817, 
     0.30493461419376566, 0.3037045957610363, 0.30834945957406334, 
     0.30711344177223915, 0.3071389570903786, 0.3061300566356905, 
     0.3074697880765659, 0.30595463253600863, 0.3059776042727829, 
     0.304715190726343, 0.3040625322503644, 0.3035427503786547, 
     0.3053918824573219, 0.3051011091165731, 0.3056851769233317, 
     0.30647603938704737, 0.3064689525527218, 0.3032451548088509, 
     0.3018991148550672, 0.30311487293006695, 0.30664543893454965, 
     0.3094440472699409, 0.3110146869872119, 0.31436223865881935, 
     0.31520469984748545, 0.3154360220612295, 0.31433955722949347, 
     0.3159292357145248, 0.3156025466749082, 0.3154323485611452, 
     0.31306924204206027, 0.3131234108001608, 0.3123262364641237, 
     0.3128552829034398, 0.31328925776367805, 0.31145615637232266, 
     0.3121177167136426, 0.3126631680399732, 0.3137184081876571, 
     0.31261783833756684, 0.31347132510258924, 0.3112499024628167, 
     0.3142382726816894, 0.31595099513162833, 0.3132658360490542, 
     0.31442106045684537, 0.31063209754595195, 0.31021074133338816, 
     0.30851462807838537, 0.31075255751766656, 0.31008204589008237, 
     0.3085338261033097, 0.30714269919171294, 0.3072891946446033, 
     0.3061013978955431, 0.3078554196762603, 0.30932802296055095, 
     0.30935983388061417, 0.3092159778130816, 0.308608897580084, 
     0.31225453714190987, 0.3114796022095713, 0.30975553071946016, 
     0.3080176594327778, 0.3068200175975117, 0.3052803744476684, 
     0.3048074420177263, 0.30341714399231867, 0.30214028772790014, 
     0.302271791632863, 0.302042421407728, 0.3055632304124198, 
     0.3084491591919582, 0.30841389893053, 0.3107739056708063, 
     0.31096461879531156, 0.3095079705072367, 0.3080653410776885, 
     0.30953484690648597, 0.3103400292945839, 0.3083461060775914, 
     0.305973406289839, 0.3078063017632537, 0.30852707523754636, 
     0.3067528188907798, 0.30537447306687393, 0.30268295308676985, 
     0.3004574942900956, 0.29881407033689594, 0.29832880871108824, 
     0.29854936720441355, 0.2981497367821043, 0.30175592730799977, 
     0.3008496215222498, 0.3038197874995786, 0.30352871313639035, 
     0.2980482659284954, 0.2962192813651281, 0.2976715906769448, 
     0.30290910950318195, 0.29998503469387267, 0.29987814170378874, 
     0.2977403527611724, 0.3011820385515541, 0.3044820837502841, 
     0.3027826425480292, 0.30321359164604766, 0.3038760544658512, 
     0.30452119659316257, 0.2999387925067266, 0.3003126796855218, 
     0.302206895095625, 0.30138965126495754, 0.30246942249524206, 
     0.2988644071183211, 0.3019586371925244, 0.30447541850829984, 
     0.30577998242169363, 0.3016986478817487, 0.3035786228737357, 
     0.30691125672763275, 0.3058411091385022, 0.30405948056506965, 
     0.3023877051323336, 0.30503047616935186, 0.30864318410224834, 
     0.3033524419615706, 0.3010670741362721, 0.30633826262249436, 
     0.303205346787605, 0.30339461580050064, 0.30299986897185677, 
     0.3052253657009595, 0.30472312160926507, 0.30523718825727336, 
     0.3060364710564551, 0.3059644523537754, 0.3090315803716257, 
     0.3094943810546876, 0.3077991705999937, 0.30624473430608795, 
     0.3061510595135696, 0.3044826957306314, 0.3078926748345621, 
     0.30847834075400593, 0.30611676869093546, 0.30519758429342403, 
     0.30607857270345074, 0.3077305758275165, 0.30564211165449195, 
     0.30293277463720947, 0.3000095774543416, 0.29921484309154645, 
     0.302720791161496, 0.303098573432639, 0.3032148444675745, 
     0.30476441989964304, 0.30719711579492825, 0.3048245890842264, 
     0.3011190653924305, 0.29752729425117924, 0.29704412134717967, 
     0.29578049028201187, 0.2969733338716007, 0.2988592664216334, 
     0.2963481375703727, 0.29886013715803483, 0.2918719526043228, 
     0.29503179199881735, 0.29424503602159124, 0.30052072008856273, 
     0.29917790367510677, 0.3025995633068779, 0.29877347171440793, 
     0.29693596041251186, 0.2976059116439936, 0.298642015359258, 
     0.296397611393109, 0.2987306315839647, 0.29680217488448835, 
     0.29522777278775303, 0.2940864489307394, 0.29496352959460154, 
     0.29468005747244247, 0.2940844680729748, 0.2911485356092818, 
     0.29186677350556983, 0.29331190116859446, 0.29316102762408663, 
     0.29237340830946756, 0.2878942998347048, 0.29246046771795153, 
     0.2947596997298784, 0.29240994417316574, 0.2873642328108518, 
     0.28961269721865096, 0.28955438785234616, 0.29078972930401914, 
     0.2920999337289187, 0.28989864803728277, 0.29225377947155334, 
     0.2912610761574175, 0.28960204959322583, 0.29110971857846835, 
     0.2894188434137855, 0.29051466604222004, 0.288754910310717, 
     0.2891947411158204, 0.29137736984185864, 0.29392757606608505, 
     0.28861047175032445, 0.2913856935164537, 0.2898950435644826, 
     0.2843666127192048, 0.284307269072151, 0.2874701371882422, 
     0.28295387229859775, 0.2867596229069561, 0.2887594263076785, 
     0.2884541443777865, 0.28715466508003584, 0.28964531776862357, 
     0.2839998429607354, 0.28439753290504854, 0.28364949071988327, 
     0.28427687999732887, 0.2837771184499681, 0.28366784200474526, 
     0.28394047935165395, 0.2885330700386649, 0.2831700031505438, 
     0.2856836150757225, 0.2812447543449697, 0.28266548949762477, 
     0.2775560220983879, 0.2765224464139389, 0.2772655715079707, 
     0.27502793774191875, 0.278597673922308, 0.27607918866234693, 
     0.28034360934463415, 0.2767499082810856, 0.279003901530177, 
     0.27329402507206024, 0.277329328297461, 0.27420087246445785, 
     0.2764554686520085, 0.27338266607543676, 0.2765793227822223, 
     0.2727866882274986, 0.276289883195521, 0.27715717104885396, 
     0.27296371548662124, 0.2732480716836705, 0.27384334504581676, 
     0.27101147727963765, 0.26871141412416566, 0.27237419561848275, 
     0.27075107122132636, 0.2718716202214769, 0.27186539268326526, 
     0.274598686476603, 0.2684692175274597, 0.2685056096865731, 
     0.2706582974543879, 0.27120415373839707, 0.27302781417057637, 
     0.27174903002443407, 0.26938774109114394, 0.27082250625813453, 
     0.2715050334849054, 0.2701971884895113, 0.2681197123315902, 
     0.26291087044147315, 0.26639528419390285, 0.26615370078664274, 
     0.2624693273580861, 0.26582968544290403, 0.2637767914425666, 
     0.26348484516544834, 0.2661180647680638, 0.2643547305429919, 
     0.26876847877016363, 0.2610046226426406, 0.2587980261114942, 
     0.26435633501291805, 0.26268129320050815, 0.26184427858195775, 
     0.2649640243502531, 0.264107195342005, 0.26847603473864223, 
     0.2664467990535659, 0.26521513645949363, 0.26807003829911774, 
     0.2610968407132011, 0.2650171124370448, 0.26413252962766304, 
     0.2631627624009998, 0.2637346804940824, 0.2616732568709171, 
     0.2623251081105635, 0.25966959299713055, 0.26417765611029975, 
     0.26258743221684927, 0.26603891521687384, 0.2662621208964572, 
     0.26702850942617357, 0.2609371345460617, 0.26178694151703674, 
     0.2609563602665912, 0.26043476811662764, 0.2587976983391423, 
     0.26041540743101244, 0.25793738299527064, 0.26149751917136016, 
     0.2574034313979141, 0.26476516981279397, 0.26240920313262467, 
     0.2645551728817991, 0.2658218155155055, 0.2618735144888096, 
     0.26260363944759735, 0.25651317725578404, 0.25793309591720653, 
     0.2599489768350407, 0.256227288164809, 0.2559691255646703, 
     0.25805233212360146, 0.2578081837418779, 0.26322110903864665, 
     0.26079094386269625, 0.2616442300636286, 0.26314212620995153, 
     0.25629425700056285, 0.25309076986221385, 0.2521378006955795, 
     0.255016175417279, 0.25819257281653707, 0.2568696242959571, 
     0.25654060934866535, 0.25291528249973994, 0.25908906470825604, 
     0.2640145889695293, 0.2656546257454824, 0.2605886773829356, 
     0.265497114669858, 0.2692932083598029, 0.2683699729007231, 
     0.26359844796003074, 0.26463798717144565, 0.2653256249683097, 
     0.26475909502942685, 0.2589412656391573, 0.2590584680419386, 
     0.25805406063633135, 0.25745917188902445, 0.26188864375137805, 
     0.26125463030610885, 0.2581749147900362, 0.2572408331287992, 
     0.25732707385191733, 0.2583036242596667, 0.25822143708596607, 
     0.2576809396888106, 0.2576809396888106, 0.257347493810461, 
     0.2582191246508629, 0.25665572768411005, 0.25552848440859743, 
     0.25571426194936797, 0.25656675924600697, 0.2559129934222033, 
     0.25758664620771093, 0.2606097575664061, 0.25985999936809295, 
     0.2587476210710974, 0.2583174089932226, 0.2564992202644874, 
     0.2562807118531208, 0.25439872144267184, 0.2548548083422567, 
     0.25610091159668014, 0.25499458350934545, 0.2551908619515034, 
     0.25415590689997036, 0.25406034651037035, 0.2539599440092668, 
     0.25357764048672676, 0.25357764048672676, 0.25431003712399824, 
     0.2570860138072606, 0.2568465370679813, 0.2572674967506489, 
     0.2581942108107911, 0.2582672929102565, 0.259157210905341, 
     0.25871486718992215, 0.258851313623485, 0.258455096534904, 
     0.2579538364422724, 0.25886490952448465, 0.2585733486035123, 
     0.2575009174620106, 0.25669599223050127, 0.25622308497442653, 
     0.25638925773237764, 0.2563647118846831, 0.2563647118846831, 
     0.255065287184731, 0.2545467692496288, 0.2545467692496288, 
     0.25666238142065745, 0.2587585698190379, 0.2597552361448934, 
     0.2596686979095714, 0.25919996380377164, 0.26088330686216266, 
     0.2597975684438519, 0.254415728782663, 0.2559098721663695, 
     0.2554118896338375, 0.25602508278554653, 0.2562911247051042, 
     0.2562911247051042, 0.2558330811382351, 0.2558330811382351, 
     0.25633638342444004, 0.2555872553450543, 0.2535342307685426, 
     0.2533868521654728, 0.2535038381491123, 0.2535038381491123, 
     0.2536740566595202, 0.25297831802082543, 0.2527816029166056, 
     0.2526542257650416, 0.255474640504593, 0.2571576302092691, 
     0.25744772144903993, 0.2579516859231489, 0.2574686720940607, 
     0.2588339489158972, 0.2589852676799534, 0.2589678537748701, 
     0.2592813585043778, 0.2595017623780756, 0.25872238412321874, 
     0.25989055258628646, 0.2594235377417987, 0.2591908700349559, 
     0.25887011032694013, 0.2582122831160973, 0.2591511329404333, 
     0.2591511329404333, 0.258708737246432, 0.258708737246432, 
     0.25813588783887564, 0.2580397261898608, 0.25750299888013745, 
     0.25602103464393644, 0.25602103464393644, 0.25551503182817653, 
     0.25558649464766536, 0.2548907560089705, 0.2548907560089705, 
     0.2548907560089705, 0.2548907560089705, 0.25622106231558056, 
     0.2566932545347596, 0.2586210338605617, 0.2583201885185497, 
     0.2566219575764036, 0.2574338853556951, 0.2574338853556951, 
     0.25765918714193625, 0.25796613015785397, 0.25646069130910565, 
     0.256719566084218, 0.25675704916112013, 0.25675704916112013, 
     0.2566586954398752, 0.25680476105404076, 0.25649979578590126, 
     0.25649979578590126, 0.2564503207995435, 0.2560947306930158, 
     0.2541532727302067, 0.25407474590863793, 0.2529848763609853, 
     0.25339614979254893, 0.25340101355286987, 0.2534660312789716, 
     0.25186458322023764, 0.25209633990263813, 0.25247863375771723, 
     0.2505264489386951, 0.2507373023243199, 0.24989571720433243, 
     0.24989571720433243, 0.24968135127754182, 0.24854406209571786, 
     0.24726781456706645, 0.24685112099706755, 0.24685112099706755, 
     0.2480213808392763, 0.24760478784256412, 0.24760478784256412, 
     0.24785635625581062, 0.24821270623382344, 0.24826542236169136, 
     0.24836121973790543, 0.24711084718280868, 0.24743693047155227, 
     0.24755071593445405, 0.24676103820565085, 0.24676103820565085, 
     0.24096867091167798, 0.2413567040546093, 0.24179430756464612, 
     0.24178290150977066, 0.2418321603470592, 0.24053311949592282, 
     0.24040533052736734, 0.24068417687206833, 0.23961503345500293, 
     0.239410696154707, 0.2429263714130246, 0.2429263714130246, 
     0.24342593321301983, 0.24342593321301983}
