MITN1CondIR89 = {0, 0, 0, 0, 0, 0, 0, 0, 0, 0, 0, 0, 0, 0, 0, 0, 0, 0, 0, 0, 
     0, 0, 0, 0, 0, 0, 0, 0, 0, 0, 0, 0, 0, 0, 0, 0, 0, 0, 0, 0, 0, 0, 0, 0, 
     0, 0, 0, 0, 0, 0, 0, 0, 0, 0, 0, 0, 0, 0, 0, 0, 0, 0, 0, 0, 0, 0, 0, 0, 
     0, 0, 0, 0, 0, 0, 0, 0, 0, 0, 0, 0, 0, 0, 0, 0, 0, 0, 0, 0, 0, 0, 0, 0, 
     0, 0, 0, 0, 0, 0, 0, 0, 0, 0, 0, 0, 0, 0, 0, 0, 0, 0, 0, 0, 0, 0, 0, 0, 
     0, 0, 0, 0, 0, 0, 0, 0, 0, 0, 0, 0, 0, 0, 0, 0, 0, 0, 0, 0, 0, 0, 0, 0, 
     0, 0, 0, 0, 0, 0, 0, 0, 0, 0, 0, 0, 0, 0, 0, 0, 0, 0, 0, 0, 0, 0, 0, 0, 
     0, 0, 0, 0, 0, 0, 0, 0, 0, 0, 0, 0, 0, 0, 0, 0, 0, 0, 0, 0, 0, 0, 0, 0, 
     0, 0, 0, 0, 0, 0, 0, 0, 0.014618930254983899, 0.016455905474416697, 
     0.016455905474416683, 0.024331489673088798, 0.024998311851470577, 
     0.026707634822905127, 0.02914113660975951, 0.029141136609759647, 
     0.02847431443137801, 0.03739072984222959, 0.04470428975630978, 
     0.0471636150580554, 0.048153651233645456, 0.0417741296421827, 
     0.05367341382618715, 0.05361910916179599, 0.06301447934887805, 
     0.058538218102062875, 0.06490596887119424, 0.07086265818234695, 
     0.07039508432900254, 0.06670596799704633, 0.07943796877930834, 
     0.08463730350845906, 0.08178932060693415, 0.08579588348900376, 
     0.08560186732587197, 0.1022147648968491, 0.10636650191089951, 
     0.10043660336017096, 0.09984821567425173, 0.11523999309431927, 
     0.11807427280377562, 0.1241055626534482, 0.1168849883031486, 
     0.13613332832246663, 0.1362755713362225, 0.14794941695362251, 
     0.1330298405926846, 0.16230434062869245, 0.157612799081079, 
     0.15636736986913113, 0.16227164207398825, 0.1711538847174242, 
     0.1711991313050503, 0.1809387760990063, 0.19071738153056497, 
     0.19915751508476087, 0.21739144295453386, 0.2090081268281207, 
     0.22455635098864812, 0.22380166040439478, 0.2439092005094407, 
     0.22943886978252756, 0.24979322002447651, 0.24282374396315792, 
     0.260899165253176, 0.24774297140806434, 0.2602426130772798, 
     0.24756528658032764, 0.2700285105026167, 0.2842059433384132, 
     0.2809948668880036, 0.3003150864536118, 0.30630494997831104, 
     0.3048085604310054, 0.30256838323807594, 0.30705742246785844, 
     0.3228667926418959, 0.32848873729996764, 0.3245034766363269, 
     0.33375167609263756, 0.3422158053332544, 0.3528734393731259, 
     0.37658225989503297, 0.39813645587173846, 0.37332523009443364, 
     0.38379335505805845, 0.4023194220690061, 0.3988088124154746, 
     0.39978109748824786, 0.42523905735581735, 0.42361728888725375, 
     0.42371863796793746, 0.4288063252246942, 0.4431971425982172, 
     0.4525911277869886, 0.4476646533160292, 0.4611659568370276, 
     0.47262430129214517, 0.4695569240199485, 0.4558299686349226, 
     0.4666562476062382, 0.45965783486197925, 0.45679393953029224, 
     0.47816769148531824, 0.4924266595830151, 0.4853356945171054, 
     0.4921538425649592, 0.48290270654017037, 0.47578242414284444, 
     0.4731942639271718, 0.4711010921462115, 0.48072434209712, 
     0.49634981196250394, 0.5105305930125192, 0.4936814867586389, 
     0.5007063222454413, 0.5073088973613318, 0.49086256981181814, 
     0.4820248444013138, 0.49692925926033477, 0.5022224006928592, 
     0.4840729532876187, 0.5220590872154929, 0.5295651292716494, 
     0.5550560808219531, 0.5325351078745029, 0.5210569486568335, 
     0.5249768633257863, 0.5262498884406157, 0.5260668857544767, 
     0.5150956268330338, 0.5188518727328089, 0.5231526430148993, 
     0.5246898636560839, 0.5200325005796649, 0.5132360660919655, 
     0.5188812171867779, 0.5303402943167849, 0.5108884072324416, 
     0.5138057479284742, 0.5367402036778193, 0.5354641097884723, 
     0.520466128126369, 0.5348278755609308, 0.5342567070265688, 
     0.5233833929177424, 0.5163431574573302, 0.5131865659417637, 
     0.511307616546315, 0.5241216951001376, 0.5188984624018338, 
     0.5179274303237019, 0.5102958301802313, 0.5273411679118749, 
     0.5209654462771812, 0.5297951850584476, 0.5298014935210118, 
     0.5370464510797369, 0.5403108786396391, 0.542220266281395, 
     0.5427666036553438, 0.5474577604829864, 0.5487027483268492, 
     0.561952327377258, 0.5696429171771665, 0.5634223503827551, 
     0.5701552369085916, 0.5649625345800661, 0.5660959522132272, 
     0.5737536139327303, 0.5697287868856801, 0.581269992947986, 
     0.5801260279454864, 0.5669838957413591, 0.561353077228454, 
     0.5610850547458992, 0.557245122711354, 0.5631299506450762, 
     0.5654450564551692, 0.5714913596870543, 0.5798341617671988, 
     0.5761110069356595, 0.5747635767522603, 0.5860469659985439, 
     0.5949548326892364, 0.602092175707626, 0.6007591414544429, 
     0.6021533625315927, 0.6023962770609554, 0.6066291040721536, 
     0.6135411411055065, 0.6067875215757581, 0.6044015547418112, 
     0.6097860925257158, 0.613633498710322, 0.613669376574742, 
     0.61284393240903, 0.6098338618230199, 0.6060372413068392, 
     0.6053039613420006, 0.6085416223476074, 0.6052068612226618, 
     0.6154041699409216, 0.6137156552183646, 0.6102507515654514, 
     0.6119393020674004, 0.6147902640310713, 0.6155713955214974, 
     0.6208975891407522, 0.6203798126317854, 0.6179476659951267, 
     0.6179595495248837, 0.6221483120363273, 0.6233942741347515, 
     0.6271178035830973, 0.6293498220871319, 0.6369860485213754, 
     0.6335375374564273, 0.6298298430032491, 0.631704110862114, 
     0.6431238947436096, 0.6455484367635356, 0.6417244513864029, 
     0.6364004440713843, 0.6347707139339667, 0.6349585532413033, 
     0.6286555127160296, 0.6314815270332267, 0.6328068073647588, 
     0.64217348157883, 0.6470208940027947, 0.6438294043548708, 
     0.640699954877237, 0.6416700877220388, 0.6445407459130719, 
     0.6478331426605212, 0.6479076633083602, 0.6456396899947731, 
     0.6529699133252991, 0.6642251082603432, 0.6629763032815758, 
     0.6625173973644171, 0.6600338548115372, 0.6667474301424973, 
     0.6636573032692444, 0.6572760788689244, 0.6636569930542143, 
     0.6643917414834601, 0.658926795325807, 0.6586823745019044, 
     0.6606227320732393, 0.6592299589094848, 0.659158305053597, 
     0.6591441547395949, 0.6614944171674166, 0.6727692332688847, 
     0.6706122427084374, 0.6708247889726769, 0.6758356770824965, 
     0.6795008766220493, 0.6786032233559225, 0.6786420733670896, 
     0.6846112713311798, 0.6868456116841437, 0.6801881003086233, 
     0.6790345819652083, 0.6847430487586769, 0.6874285510006319, 
     0.6962484197753357, 0.6950753568314367, 0.7075834898536054, 
     0.7130722480298799, 0.7092696084808745, 0.6973071843079269, 
     0.6889031017576294, 0.6925270625149478, 0.6925270625149478, 
     0.6911436819605091, 0.6926711896792206, 0.6919034585020993, 
     0.6925710280175581, 0.6966942334265425, 0.7071767285195198, 
     0.7074283055301192, 0.7037534077387074, 0.7095838608682149, 
     0.7087623403592227, 0.7052966607206359, 0.7038327840587558, 
     0.7102291089448325, 0.708255860796485, 0.7138237326478166, 
     0.7093626595991546, 0.7117027036274651, 0.7141011803511434, 
     0.7185201088077479, 0.7209044442207918, 0.724125446133533, 
     0.7256183572876197, 0.7202061742725452, 0.7225470917262012, 
     0.722789315588608, 0.7256184366298992, 0.7286056087174666, 
     0.7344412526356389, 0.740585149566858, 0.7426615953480682, 
     0.7433016267660251, 0.7411087124443334, 0.7352556894968171, 
     0.7261108505587938, 0.7284497615851947, 0.7281434030403002, 
     0.7362673907418574, 0.7361955382650349, 0.7350548175632473, 
     0.737912137710555, 0.7517545715426183, 0.7492207714834692, 
     0.7575541273178124, 0.7656651845206832, 0.7585452645864591, 
     0.7589808720798186, 0.7574325247447928, 0.7658262691228331, 
     0.7661180883189187, 0.7614740103662151, 0.7450096129462236, 
     0.7549202220001481, 0.7588823891611184, 0.7546495316945073, 
     0.7522459257686626, 0.7524302690344119, 0.7517197821812894, 
     0.7616986036581997, 0.759563991912859, 0.763858190810366, 
     0.7659934214681294, 0.768085964636935, 0.772985934621065, 
     0.7710013472605036, 0.7718018596184004, 0.7704415197359415, 
     0.7777337655140435, 0.7731083285895263, 0.7784692308249546, 
     0.7822521893180844, 0.7757067226441238, 0.7689130991032418, 
     0.7688690819952941, 0.775765298894656, 0.779357560334719, 
     0.7879106543037185, 0.7800951424165917, 0.7806446933429928, 
     0.7912878374866138, 0.792167148076235, 0.7883661180297838, 
     0.7924782635683947, 0.7763086066849647, 0.7855123932842493, 
     0.7804550560290618, 0.7834782736426575, 0.7870370374138111, 
     0.7839481596997743, 0.7924556448113234, 0.7856014337576047, 
     0.7824686146101706, 0.8003427814539956, 0.7897587350393971, 
     0.7864488673473016, 0.7685701781173809, 0.7733524665577081, 
     0.7710076717606633, 0.8057171748637211, 0.8053687024298233, 
     0.8253099643469274, 0.8223302839334737, 0.8218478615831847, 
     0.8277124289345353, 0.8353940655381824, 0.8360222177665124, 
     0.8304013962939986, 0.836020233969585, 0.8250621034953798, 
     0.8049384857828001, 0.8134754736117964, 0.8150182707544151, 
     0.8051323202737677, 0.8030527709444799, 0.7952837205511203, 
     0.7852327956595652, 0.8042367060905322, 0.8141392026939204, 
     0.8020875681607682, 0.7974329995752247, 0.7955677310819412, 
     0.8004269227809714, 0.8097849739156109, 0.817794439530109, 
     0.8313493164343724, 0.8156128236051369, 0.8169575053970838, 
     0.8140038967618493, 0.8073815202232684, 0.7885687576382432, 
     0.8066587599935728, 0.7864857856501212, 0.802118846449543, 
     0.8182303635014578, 0.8177793356275225, 0.8162718718606249, 
     0.8248696192650531, 0.810947263871817, 0.8162649243501187, 
     0.8394221088192403, 0.8291715024911561, 0.8143702458122661, 
     0.8336488088818682, 0.8399017701811262, 0.8127092673597626, 
     0.8123228420867159, 0.8043105069448793, 0.8202275732632652, 
     0.819056839889351, 0.8158652353445008, 0.8166574182507511, 
     0.8226401788714589, 0.8172706274657073, 0.8210284913733779, 
     0.8202863492331505, 0.8321373066533405, 0.8324897327207472, 
     0.8418202907460616, 0.8298796664902574, 0.846750234679739, 
     0.8371397354384217, 0.8380561561112686, 0.8524528456286111, 
     0.8482858098226784, 0.8430139768817553, 0.8459568727331871, 
     0.8520278924641073, 0.8527979459883587, 0.8604822838102951, 
     0.8442908670437882, 0.8497081117462724, 0.8489728658851675, 
     0.8467083869352549, 0.8306754373387163, 0.8376258992799668, 
     0.8343619488339169, 0.8252350588933507, 0.8395509715793547, 
     0.8243178101611964, 0.8198816245929758, 0.8160153360349263, 
     0.8006796804333264, 0.8045895357686399, 0.804308161670541, 
     0.8155072050344554, 0.8117909185705777, 0.8135607307270545, 
     0.8179896675242652, 0.8115597461240033, 0.8003088977735463, 
     0.8088976008767041, 0.7981946802121719, 0.8191516993370617, 
     0.8139358274144942, 0.817251619986164, 0.8305876171047503, 
     0.8108945289776667, 0.8169113168077957, 0.8073453201966438, 
     0.8086229570134137, 0.800494501036877, 0.8062944313846284, 
     0.8124902096197553, 0.8049972457140115, 0.8144339682930811, 
     0.8133976313347953, 0.8127798265543712, 0.8120201120027969, 
     0.8062291321533076, 0.802383441171109, 0.7923731443177242, 
     0.815685257882549, 0.8157070053747253, 0.8131978907486798, 
     0.8125275837622522, 0.8191987746500008, 0.8015727505470343, 
     0.8016573463726345, 0.8086536096990553, 0.803161165985592, 
     0.8116412733863547, 0.8120558723138666, 0.8206988790045634, 
     0.8188649980191394, 0.8031778952090256, 0.8063678185489827, 
     0.8077033758631764, 0.8169094685056832, 0.8143590732554941, 
     0.8255577006506626, 0.805458426838881, 0.8060521726821577, 
     0.8118303154558643}
MITN1CondIR89 = {0, 0, 0, 0, 0, 0, 0, 0, 0, 0, 0, 0, 0, 0, 0, 0, 0, 0, 0, 0, 
     0, 0, 0, 0, 0, 0, 0, 0, 0, 0, 0, 0, 0, 0, 0, 0, 0, 0, 0, 0, 0, 0, 0, 0, 
     0, 0, 0, 0, 0, 0, 0, 0, 0, 0, 0, 0, 0, 0, 0, 0, 0, 0, 0, 0, 0, 0, 0, 0, 
     0, 0, 0, 0, 0, 0, 0, 0, 0, 0, 0, 0, 0, 0, 0, 0, 0, 0, 0, 0, 0, 0, 0, 0, 
     0, 0, 0, 0, 0, 0, 0.014618930254983899, 0.016455905474416697, 
     0.016455905474416683, 0.024331489673088798, 0.024998311851470577, 
     0.026707634822905127, 0.02914113660975951, 0.029141136609759647, 
     0.02847431443137801, 0.03739072984222959, 0.04470428975630978, 
     0.0471636150580554, 0.048153651233645456, 0.0417741296421827, 
     0.05367341382618715, 0.05361910916179599, 0.06301447934887805, 
     0.058538218102062875, 0.06490596887119424, 0.07086265818234695, 
     0.07039508432900254, 0.06670596799704633, 0.07943796877930834, 
     0.08463730350845906, 0.08178932060693415, 0.08579588348900376, 
     0.08560186732587197, 0.1022147648968491, 0.10636650191089951, 
     0.10043660336017096, 0.09984821567425173, 0.11523999309431927, 
     0.11807427280377562, 0.1241055626534482, 0.1168849883031486, 
     0.13613332832246663, 0.1362755713362225, 0.14794941695362251, 
     0.1330298405926846, 0.16230434062869245, 0.157612799081079, 
     0.15636736986913113, 0.16227164207398825, 0.1711538847174242, 
     0.1711991313050503, 0.1809387760990063, 0.19071738153056497, 
     0.19915751508476087, 0.21739144295453386, 0.2090081268281207, 
     0.22455635098864812, 0.22380166040439478, 0.2439092005094407, 
     0.22943886978252756, 0.24979322002447651, 0.24282374396315792, 
     0.260899165253176, 0.24774297140806434, 0.2602426130772798, 
     0.24756528658032764, 0.2700285105026167, 0.2842059433384132, 
     0.2809948668880036, 0.3003150864536118, 0.30630494997831104, 
     0.3048085604310054, 0.30256838323807594, 0.30705742246785844, 
     0.3228667926418959, 0.32848873729996764, 0.3245034766363269, 
     0.33375167609263756, 0.3422158053332544, 0.3528734393731259, 
     0.37658225989503297, 0.39813645587173846, 0.37332523009443364, 
     0.38379335505805845, 0.4023194220690061, 0.3988088124154746, 
     0.39978109748824786, 0.42523905735581735, 0.42361728888725375, 
     0.42371863796793746, 0.4288063252246942, 0.4431971425982172, 
     0.4525911277869886, 0.4476646533160292, 0.4611659568370276, 
     0.47262430129214517, 0.4695569240199485, 0.4558299686349226, 
     0.4666562476062382, 0.45965783486197925, 0.45679393953029224, 
     0.47816769148531824, 0.4924266595830151, 0.4853356945171054, 
     0.4921538425649592, 0.48290270654017037, 0.47578242414284444, 
     0.4731942639271718, 0.4711010921462115, 0.48072434209712, 
     0.49634981196250394, 0.5105305930125192, 0.4936814867586389, 
     0.5007063222454413, 0.5073088973613318, 0.49086256981181814, 
     0.4820248444013138, 0.49692925926033477, 0.5022224006928592, 
     0.4840729532876187, 0.5220590872154929, 0.5295651292716494, 
     0.5550560808219531, 0.5325351078745029, 0.5210569486568335, 
     0.5249768633257863, 0.5262498884406157, 0.5260668857544767, 
     0.5150956268330338, 0.5188518727328089, 0.5231526430148993, 
     0.5246898636560839, 0.5200325005796649, 0.5132360660919655, 
     0.5188812171867779, 0.5303402943167849, 0.5108884072324416, 
     0.5138057479284742, 0.5367402036778193, 0.5354641097884723, 
     0.520466128126369, 0.5348278755609308, 0.5342567070265688, 
     0.5233833929177424, 0.5163431574573302, 0.5131865659417637, 
     0.511307616546315, 0.5241216951001376, 0.5188984624018338, 
     0.5179274303237019, 0.5102958301802313, 0.5273411679118749, 
     0.5209654462771812, 0.5297951850584476, 0.5298014935210118, 
     0.5370464510797369, 0.5403108786396391, 0.542220266281395, 
     0.5427666036553438, 0.5474577604829864, 0.5487027483268492, 
     0.561952327377258, 0.5696429171771665, 0.5634223503827551, 
     0.5701552369085916, 0.5649625345800661, 0.5660959522132272, 
     0.5737536139327303, 0.5697287868856801, 0.581269992947986, 
     0.5801260279454864, 0.5669838957413591, 0.561353077228454, 
     0.5610850547458992, 0.557245122711354, 0.5631299506450762, 
     0.5654450564551692, 0.5714913596870543, 0.5798341617671988, 
     0.5761110069356595, 0.5747635767522603, 0.5860469659985439, 
     0.5949548326892364, 0.602092175707626, 0.6007591414544429, 
     0.6021533625315927, 0.6023962770609554, 0.6066291040721536, 
     0.6135411411055065, 0.6067875215757581, 0.6044015547418112, 
     0.6097860925257158, 0.613633498710322, 0.613669376574742, 
     0.61284393240903, 0.6098338618230199, 0.6060372413068392, 
     0.6053039613420006, 0.6085416223476074, 0.6052068612226618, 
     0.6154041699409216, 0.6137156552183646, 0.6102507515654514, 
     0.6119393020674004, 0.6147902640310713, 0.6155713955214974, 
     0.6208975891407522, 0.6203798126317854, 0.6179476659951267, 
     0.6179595495248837, 0.6221483120363273, 0.6233942741347515, 
     0.6271178035830973, 0.6293498220871319, 0.6369860485213754, 
     0.6335375374564273, 0.6298298430032491, 0.631704110862114, 
     0.6431238947436096, 0.6455484367635356, 0.6417244513864029, 
     0.6364004440713843, 0.6347707139339667, 0.6349585532413033, 
     0.6286555127160296, 0.6314815270332267, 0.6328068073647588, 
     0.64217348157883, 0.6470208940027947, 0.6438294043548708, 
     0.640699954877237, 0.6416700877220388, 0.6445407459130719, 
     0.6478331426605212, 0.6479076633083602, 0.6456396899947731, 
     0.6529699133252991, 0.6642251082603432, 0.6629763032815758, 
     0.6625173973644171, 0.6600338548115372, 0.6667474301424973, 
     0.6636573032692444, 0.6572760788689244, 0.6636569930542143, 
     0.6643917414834601, 0.658926795325807, 0.6586823745019044, 
     0.6606227320732393, 0.6592299589094848, 0.659158305053597, 
     0.6591441547395949, 0.6614944171674166, 0.6727692332688847, 
     0.6706122427084374, 0.6708247889726769, 0.6758356770824965, 
     0.6795008766220493, 0.6786032233559225, 0.6786420733670896, 
     0.6846112713311798, 0.6868456116841437, 0.6801881003086233, 
     0.6790345819652083, 0.6847430487586769, 0.6874285510006319, 
     0.6962484197753357, 0.6950753568314367, 0.7075834898536054, 
     0.7130722480298799, 0.7092696084808745, 0.6973071843079269, 
     0.6889031017576294, 0.6925270625149478, 0.6925270625149478, 
     0.6911436819605091, 0.6926711896792206, 0.6919034585020993, 
     0.6925710280175581, 0.6966942334265425, 0.7071767285195198, 
     0.7074283055301192, 0.7037534077387074, 0.7095838608682149, 
     0.7087623403592227, 0.7052966607206359, 0.7038327840587558, 
     0.7102291089448325, 0.708255860796485, 0.7138237326478166, 
     0.7093626595991546, 0.7117027036274651, 0.7141011803511434, 
     0.7185201088077479, 0.7209044442207918, 0.724125446133533, 
     0.7256183572876197, 0.7202061742725452, 0.7225470917262012, 
     0.722789315588608, 0.7256184366298992, 0.7286056087174666, 
     0.7344412526356389, 0.740585149566858, 0.7426615953480682, 
     0.7433016267660251, 0.7411087124443334, 0.7352556894968171, 
     0.7261108505587938, 0.7284497615851947, 0.7281434030403002, 
     0.7362673907418574, 0.7361955382650349, 0.7350548175632473, 
     0.737912137710555, 0.7517545715426183, 0.7492207714834692, 
     0.7575541273178124, 0.7656651845206832, 0.7585452645864591, 
     0.7589808720798186, 0.7574325247447928, 0.7658262691228331, 
     0.7661180883189187, 0.7614740103662151, 0.7450096129462236, 
     0.7549202220001481, 0.7588823891611184, 0.7546495316945073, 
     0.7522459257686626, 0.7524302690344119, 0.7517197821812894, 
     0.7616986036581997, 0.759563991912859, 0.763858190810366, 
     0.7659934214681294, 0.768085964636935, 0.772985934621065, 
     0.7710013472605036, 0.7718018596184004, 0.7704415197359415, 
     0.7777337655140435, 0.7731083285895263, 0.7784692308249546, 
     0.7822521893180844, 0.7757067226441238, 0.7689130991032418, 
     0.7688690819952941, 0.775765298894656, 0.779357560334719, 
     0.7879106543037185, 0.7800951424165917, 0.7806446933429928, 
     0.7912878374866138, 0.792167148076235, 0.7883661180297838, 
     0.7924782635683947, 0.7763086066849647, 0.7855123932842493, 
     0.7804550560290618, 0.7834782736426575, 0.7870370374138111, 
     0.7839481596997743, 0.7924556448113234, 0.7856014337576047, 
     0.7824686146101706, 0.8003427814539956, 0.7897587350393971, 
     0.7864488673473016, 0.7685701781173809, 0.7733524665577081, 
     0.7710076717606633, 0.8057171748637211, 0.8053687024298233, 
     0.8253099643469274, 0.8223302839334737, 0.8218478615831847, 
     0.8277124289345353, 0.8353940655381824, 0.8360222177665124, 
     0.8304013962939986, 0.836020233969585, 0.8250621034953798, 
     0.8049384857828001, 0.8134754736117964, 0.8150182707544151, 
     0.8051323202737677, 0.8030527709444799, 0.7952837205511203, 
     0.7852327956595652, 0.8042367060905322, 0.8141392026939204, 
     0.8020875681607682, 0.7974329995752247, 0.7955677310819412, 
     0.8004269227809714, 0.8097849739156109, 0.817794439530109, 
     0.8313493164343724, 0.8156128236051369, 0.8169575053970838, 
     0.8140038967618493, 0.8073815202232684, 0.7885687576382432, 
     0.8066587599935728, 0.7864857856501212, 0.802118846449543, 
     0.8182303635014578, 0.8177793356275225, 0.8162718718606249, 
     0.8248696192650531, 0.810947263871817, 0.8162649243501187, 
     0.8394221088192403, 0.8291715024911561, 0.8143702458122661, 
     0.8336488088818682, 0.8399017701811262, 0.8127092673597626, 
     0.8123228420867159, 0.8043105069448793, 0.8202275732632652, 
     0.819056839889351, 0.8158652353445008, 0.8166574182507511, 
     0.8226401788714589, 0.8172706274657073, 0.8210284913733779, 
     0.8202863492331505, 0.8321373066533405, 0.8324897327207472, 
     0.8418202907460616, 0.8298796664902574, 0.846750234679739, 
     0.8371397354384217, 0.8380561561112686, 0.8524528456286111, 
     0.8482858098226784, 0.8430139768817553, 0.8459568727331871, 
     0.8520278924641073, 0.8527979459883587, 0.8604822838102951, 
     0.8442908670437882, 0.8497081117462724, 0.8489728658851675, 
     0.8467083869352549, 0.8306754373387163, 0.8376258992799668, 
     0.8343619488339169, 0.8252350588933507, 0.8395509715793547, 
     0.8243178101611964, 0.8198816245929758, 0.8160153360349263, 
     0.8006796804333264, 0.8045895357686399, 0.804308161670541, 
     0.8155072050344554, 0.8117909185705777, 0.8135607307270545, 
     0.8179896675242652, 0.8115597461240033, 0.8003088977735463, 
     0.8088976008767041, 0.7981946802121719, 0.8191516993370617, 
     0.8139358274144942, 0.817251619986164, 0.8305876171047503, 
     0.8108945289776667, 0.8169113168077957, 0.8073453201966438, 
     0.8086229570134137, 0.800494501036877, 0.8062944313846284, 
     0.8124902096197553, 0.8049972457140115, 0.8144339682930811, 
     0.8133976313347953, 0.8127798265543712, 0.8120201120027969, 
     0.8062291321533076, 0.802383441171109, 0.7923731443177242, 
     0.815685257882549, 0.8157070053747253, 0.8131978907486798, 
     0.8125275837622522, 0.8191987746500008, 0.8015727505470343, 
     0.8016573463726345, 0.8086536096990553, 0.803161165985592, 
     0.8116412733863547, 0.8120558723138666, 0.8206988790045634, 
     0.8188649980191394, 0.8031778952090256, 0.8063678185489827, 
     0.8077033758631764, 0.8169094685056832, 0.8143590732554941, 
     0.8255577006506626, 0.805458426838881, 0.8060521726821577, 
     0.8118303154558643}
