MITS2R75 = {0.05841126605981363, 0.05841126605981185, 0.058411266059812283, 
     0.05841126605981232, 0.05841126605981232, 0.05841126605981232, 
     0.05841126605981232, 0.05841126605981251, 0.05841126605981251, 
     0.05841126605981263, 0.05841126605981257, 0.058411266059812665, 
     0.05841126605981285, 0.05841126605981286, 0.05841126605981297, 
     0.05841126605981297, 0.05841126605981185, 0.058411266059812283, 
     0.05841126605981232, 0.05841126605981232, 0.05841126605981232, 
     0.05841126605981232, 0.05841126605981251, 0.05841126605981251, 
     0.0840771034485642, 0.05841126605981257, 0.11110995872791893, 
     0.05841126605981285, 0.10108219631243241, 0.05841126605981297, 
     0.08107726539420569, 0.05841126605981185, 0.10631079598797954, 
     0.07046634986270181, 0.07541076556060491, 0.152358705038485, 
     0.05841126605981226, 0.1638475778259825, 0.09904927285482636, 
     0.16327492147947179, 0.10518195875474459, 0.14602229472185896, 
     0.1302568983185115, 0.13747365906693906, 0.15173943761494368, 
     0.13983219966716376, 0.1566167795018779, 0.15593814064301606, 
     0.15714792328327878, 0.1534665842247221, 0.17878942541005588, 
     0.17920117991319146, 0.1929137216667963, 0.192121685172413, 
     0.2002061545740857, 0.20869041284484577, 0.16635827558366442, 
     0.14419194641406796, 0.15180976784696215, 0.15180976784696265, 
     0.15565077106767802, 0.16141227589875107, 0.1575712726780365, 
     0.15795798267920005, 0.15603412836497657, 0.15547624433222706, 
     0.15646084986104286, 0.14668582949335632, 0.14038783563237886, 
     0.13647626868630494, 0.14351559689510987, 0.1435155968951099, 
     0.1376507316772157, 0.12300930202718133, 0.10368030080540669, 
     0.08770845548619924, 0.07967329867847307, 0.07160575715185051, 
     0.06350615145779942, 0.06094800509207578, 0.058411266059813345, 
     0.058411266059813345, 0.058411266059813345, 0.058411266059813345, 
     0.058411266059813345, 0.058411266059813345, 0.058411266059813345, 
     0.058411266059813345, 0.058411266059813345, 0.058411266059813345, 
     0.058411266059813345, 0.058411266059813345, 0.058411266059813345, 
     0.058411266059813345, 0.058411266059813345, 0.058411266059813345, 
     0.058411266059813345, 0.058411266059813345, 0.058411266059813345, 
     0.058411266059813345, 0.059718415978701415, 0.059718415978701415, 
     0.062429627327443414, 0.06383368875729734, 0.0681791039591965, 
     0.07361889222375069, 0.07782158171135208, 0.08311864426160843, 
     0.0842130173242634, 0.09044762053416046, 0.09339910455609267, 
     0.09423352930969404, 0.10090637346693249, 0.1056318586245048, 
     0.10586827028910178, 0.10567286688069384, 0.11322114404772278, 
     0.11082108187663661, 0.1184633039040125, 0.12806767967175076, 
     0.13095592627466335, 0.1298615532120082, 0.14267336298575994, 
     0.14031403641938564, 0.15278057431729986, 0.1561459766759671, 
     0.1714605103343384, 0.16388819616611583, 0.16607694229142572, 
     0.17630179974219998, 0.1795124671234298, 0.18023189250416238, 
     0.17791424304513118, 0.19489876932590525, 0.19204284908746758, 
     0.20820644132454322, 0.20860610331403712, 0.21204700026991624, 
     0.21395413023615747, 0.2109140304029713, 0.21737680814820345, 
     0.22391206861751617, 0.22965217844574315, 0.2305327352043041, 
     0.22884960449887742, 0.22428615090400736, 0.2257920080152536, 
     0.2278418954907783, 0.24060505589273656, 0.24288713816569607, 
     0.2502928463111406, 0.2504137703579357, 0.2637981949531852, 
     0.26202516629605443, 0.2817951581107488, 0.2805418306135193, 
     0.2881534269613501, 0.28301069433088444, 0.29763460437391626, 
     0.302460690576908, 0.3176190547630661, 0.31998024690845905, 
     0.3057320020910991, 0.3190793758079154, 0.33328249300336427, 
     0.34001230691909856, 0.3416964975657355, 0.3361535076629889, 
     0.352427943485774, 0.35826248508686276, 0.3532448256327927, 
     0.3459966258310708, 0.3629138691834187, 0.3580247867270997, 
     0.35990451660499473, 0.37359953736862006, 0.36724226021996315, 
     0.3773258338102062, 0.3783450025908465, 0.3688957204833856, 
     0.3669303804595088, 0.37836854871190295, 0.3867041825217012, 
     0.38942455350876803, 0.40032250210071385, 0.4140515043271179, 
     0.40980952310040103, 0.4176143895993792, 0.41879651506864546, 
     0.42965340672934577, 0.4278495888556982, 0.43153464107256756, 
     0.4531691939812984, 0.4474274322579897, 0.47129034328883634, 
     0.4861441220735911, 0.4750215285612998, 0.4864281165932771, 
     0.4806526174468901, 0.503064448634164, 0.4756942061848142, 
     0.4997650395509139, 0.509864195960388, 0.5233913180776951, 
     0.5199432746760232, 0.5200545048932598, 0.5330834317219885, 
     0.5226714640742991, 0.5071827266928752, 0.529859902223036, 
     0.5454873791045003, 0.5482764395807982, 0.5509598805136726, 
     0.5547843490923107, 0.5498348652562062, 0.5725382576061046, 
     0.5712892795740261, 0.5890746469134522, 0.5937099294022078, 
     0.603085407844144, 0.5909058369081998, 0.6031370720909611, 
     0.6090427837151245, 0.6143479522161585, 0.6004176162679454, 
     0.6169964508750707, 0.6109863800148134, 0.6151834968809575, 
     0.6236654750517736, 0.6311108872708082, 0.6327582538232907, 
     0.6519888448720846, 0.6683060136247231, 0.6412403904318897, 
     0.650907710042647, 0.6583561578744834, 0.6482707388269705, 
     0.641184402698503, 0.6520516201601219, 0.658731552091239, 
     0.662185005020706, 0.6786760007709971, 0.656643300769999, 
     0.6647105846661341, 0.6758272186659885, 0.6740264804432176, 
     0.6751628915336854, 0.6715044959754213, 0.6715460045379213, 
     0.6912904713178585, 0.6907191348013522, 0.702279651157403, 
     0.6841199397894441, 0.6809713388037866, 0.6927988592871978, 
     0.699400811971377, 0.7079711087118254, 0.6918000155210805, 
     0.6936894166489099, 0.6972513045953918, 0.7140455597463177, 
     0.7179006808465372, 0.7068675701882176, 0.700696251572871, 
     0.6936961668743707, 0.6892686371853007, 0.7100744341436445, 
     0.7116432972977198, 0.7202723919109414, 0.7422541899528295, 
     0.7230681951160793, 0.7392765433044026, 0.7416386253530733, 
     0.7425317059152832, 0.7418561640247792, 0.7408541627772938, 
     0.7410382347096109, 0.748342562906653, 0.742994502700934, 
     0.7661787503081038, 0.7665209102163844, 0.7630275701704137, 
     0.7697815103677357, 0.7679158498152404, 0.7637877519395275, 
     0.7494267468269972, 0.7471427459560954, 0.757168187596916, 
     0.7860538295714288, 0.7860860784592653, 0.7842241902862904, 
     0.7805423328978427, 0.7690275833506425, 0.7747346464059504, 
     0.7897414831329329, 0.7952891022725221, 0.8011098205978363, 
     0.8044015625982981, 0.8204549611465728, 0.8199346491434876, 
     0.8251904070905509, 0.8207866938964092, 0.8219348497912264, 
     0.8143989175982308, 0.8143999581093436, 0.8194118783841027, 
     0.811691367276926, 0.8223250787762351, 0.8253201493802171, 
     0.8281934446725594, 0.8217237987445315, 0.8305768790212814, 
     0.8464985566671245, 0.848471249074973, 0.8434574786083819, 
     0.8458753265741563, 0.8433207751807786, 0.8422301569643942, 
     0.8444433010113677, 0.8395743886871863, 0.8404005172348886, 
     0.8404728803059694, 0.8410154321082006, 0.8419333605428585, 
     0.8574425280689554, 0.8663435891163866, 0.8623345503174106, 
     0.861303012612353, 0.8667236320572849, 0.8646644056996828, 
     0.85111629060148, 0.855200909428291, 0.8626486498998499, 
     0.8677845744577347, 0.8626899799313734, 0.8613312337834547, 
     0.8600586539533519, 0.8618796128173776, 0.863089867495946, 
     0.8741737618776917, 0.8767856886403077, 0.8623707669038229, 
     0.862848319338397, 0.8670470588508092, 0.8629489886410996, 
     0.8641983370462105, 0.8680921253604157, 0.8640436884047495, 
     0.8663425539761709, 0.8720983175756677, 0.8684536466035394, 
     0.8790506391224565, 0.881900539900598, 0.8716301342118852, 
     0.8723019853309005, 0.8699013483430521, 0.8725386884207333, 
     0.8752112423206424, 0.8815995315042859, 0.8724470444436668, 
     0.8696978052975946, 0.8677593805790037, 0.8710226423152561, 
     0.8738086293576465, 0.8759275589575397, 0.8786754445498626, 
     0.8782227125094784, 0.8829266910519151, 0.895150376607752, 
     0.888414314694294, 0.8868238023274863, 0.8894169728428054, 
     0.8932216475459407, 0.8956286293414591, 0.8967627077110408, 
     0.8911329434796453, 0.8857734341002379, 0.8969357448875408, 
     0.8938350267792662, 0.8958759845058558, 0.8964394804454358, 
     0.8961834555274956, 0.8995615448050335, 0.8934756967706055, 
     0.8937831473165149, 0.8869455374398424, 0.8860097935855372, 
     0.8880421117150441, 0.88977467035933, 0.8915183489902451, 
     0.8950530641908812, 0.8916837704230766, 0.8892053847799692, 
     0.8911050692378856, 0.8974180550718656, 0.8956293414981987, 
     0.8985975960081933, 0.8918386590006369, 0.8892284987544441, 
     0.8940376863022783, 0.8992534262771765, 0.05841126605981363, 
     0.05841126605981363, 0.05841126605981363, 0.05841126605981363, 
     0.05841126605981363, 0.05841126605981363, 0.05841126605981363, 
     0.05841126605981363, 0.05841126605981363, 0.05841126605981363, 
     0.05841126605981363, 0.05841126605981363, 0.05841126605981363, 
     0.05841126605981363, 0.05841126605981363, 0.05841126605981363, 
     0.05841126605981363, 0.05841126605981363, 0.05841126605981363, 
     0.05841126605981363, 0.05841126605981363, 0.05841126605981363, 
     0.05841126605981363, 0.05841126605981363, 0.05841126605981363, 
     0.05841126605981363, 0.05841126605981363, 0.05841126605981363, 
     0.05841126605981363, 0.05841126605981363, 0.05841126605981363, 
     0.05841126605981363, 0.05841126605981363, 0.05841126605981363, 
     0.05841126605981363, 0.05841126605981363, 0.05841126605981363, 
     0.05841126605981363, 0.05841126605981363, 0.05841126605981363, 
     0.05841126605981363, 0.05841126605981363, 0.05841126605981363, 
     0.05841126605981363, 0.05841126605981363, 0.05841126605981363, 
     0.05841126605981363, 0.05841126605981363, 0.05841126605981363, 
     0.05841126605981363, 0.05841126605981363, 0.05841126605981363, 
     0.05841126605981363, 0.05841126605981363, 0.05841126605981363, 
     0.05841126605981363, 0.05841126605981363, 0.05841126605981363, 
     0.05841126605981363, 0.05841126605981363, 0.05841126605981363, 
     0.05841126605981363, 0.05841126605981363, 0.05841126605981363, 
     0.05841126605981363, 0.05841126605981363, 0.05841126605981363, 
     0.05841126605981363, 0.05841126605981363, 0.05841126605981363, 
     0.05841126605981363, 0.05841126605981363, 0.05841126605981363, 
     0.05841126605981363, 0.05841126605981363, 0.05841126605981363, 
     0.05841126605981363, 0.05841126605981363, 0.05841126605981363, 
     0.05841126605981363, 0.05841126605981363, 0.05841126605981363, 
     0.05841126605981363, 0.05841126605981363, 0.05841126605981363, 
     0.05841126605981363, 0.05841126605981363, 0.05841126605981363, 
     0.05841126605981363, 0.05841126605981363, 0.05841126605981363, 
     0.05841126605981363, 0.05841126605981363, 0.05841126605981363, 
     0.05841126605981363, 0.05841126605981363, 0.05841126605981363, 
     0.05841126605981363, 0.05841126605981363, 0.05841126605981363, 
     0.05841126605981363, 0.05841126605981363, 0.05841126605981363, 
     0.05841126605981363, 0.05841126605981363, 0.05841126605981363, 
     0.05841126605981363, 0.05841126605981363, 0.05841126605981363, 
     0.05841126605981363, 0.05841126605981363, 0.05841126605981363, 
     0.05841126605981363, 0.05841126605981363, 0.05841126605981363, 
     0.05841126605981363, 0.05841126605981363, 0.05841126605981363, 
     0.05841126605981363, 0.05841126605981363, 0.05841126605981363, 
     0.05841126605981363, 0.05841126605981363, 0.05841126605981363, 
     0.05841126605981363, 0.05841126605981363, 0.05841126605981363, 
     0.05841126605981363, 0.05841126605981363, 0.05841126605981363, 
     0.05841126605981363, 0.05841126605981363, 0.05841126605981363, 
     0.05841126605981363, 0.05841126605981363, 0.05841126605981363, 
     0.05841126605981363, 0.05841126605981363, 0.05841126605981363, 
     0.05841126605981363, 0.05841126605981363, 0.05841126605981363, 
     0.05841126605981363, 0.05841126605981363, 0.05841126605981363, 
     0.05841126605981363, 0.05841126605981363, 0.05841126605981363, 
     0.05841126605981363, 0.05841126605981363, 0.05841126605981363, 
     0.05841126605981363, 0.05841126605981363, 0.05841126605981363, 
     0.05841126605981363, 0.05841126605981363, 0.05841126605981363, 
     0.05841126605981363, 0.05841126605981363, 0.05841126605981363, 
     0.05841126605981363, 0.05841126605981363, 0.05841126605981363, 
     0.05841126605981363, 0.05841126605981363, 0.05841126605981363, 
     0.05841126605981363, 0.05841126605981363, 0.05841126605981363, 
     0.05841126605981363, 0.05841126605981363, 0.05841126605981363, 
     0.05841126605981363, 0.05841126605981363, 0.05841126605981363, 
     0.05841126605981363, 0.05841126605981363, 0.05841126605981363, 
     0.05841126605981363, 0.05841126605981363, 0.05841126605981363, 
     0.05841126605981363, 0.05841126605981363, 0.05841126605981363, 
     0.05841126605981363, 0.05841126605981363, 0.05841126605981363, 
     0.05841126605981363, 0.05841126605981363, 0.05841126605981363, 
     0.05841126605981363, 0.05841126605981363, 0.05841126605981363, 
     0.05841126605981363, 0.05841126605981363, 0.05841126605981363, 
     0.05841126605981363, 0.05841126605981363}
